FID,x,y,lslpts
0,2776131.149759999942034,1185828.096009999979287,0
1,2767918.307560000102967,1180917.672669999999925,0
2,2773908.227359999902546,1182687.269180000061169,0
3,2768823.447550000157207,1182711.130300000077114,0
4,2767971.080020000226796,1180930.252039999933913,0
5,2773355.987370000220835,1186713.768179999897256,0
6,2769738.570170000195503,1182470.063300000037998,0
7,2770588.977620000019670,1185911.434399999910966,0
8,2768164.267549999989569,1183178.089750000042841,0
9,2768493.087869999930263,1184815.704769999952987,0
10,2766756.367599999997765,1181732.640159999951720,0
11,2771289.168149999808520,1184561.434780000010505,0
12,2767795.409070000052452,1183773.241540000075474,0
13,2774957.658590000122786,1185719.127679999917746,0
14,2776081.109170000068843,1185724.467939999885857,0
15,2769375.757770000025630,1183432.077939999988303,0
16,2774526.379879999905825,1186504.600589999929070,0
17,2768234.721210000105202,1184285.578879999928176,0
18,2775345.596890000160784,1184639.739330000011250,0
19,2776396.277429999783635,1187614.434439999982715,0
20,2767959.645870000123978,1183600.693369999993593,0
21,2771120.703209999948740,1185024.967239999910817,0
22,2774087.562270000111312,1183929.706400000024587,0
23,2770944.965760000050068,1184754.878449999960139,0
24,2774741.152220000047237,1185376.535529999993742,0
25,2775999.954799999948591,1186758.837479999987409,0
26,2768730.340090000070632,1183117.303229999961331,0
27,2771151.724340000189841,1184973.162419999949634,0
28,2768828.440160000231117,1182692.275700000114739,0
29,2768881.077229999937117,1181089.446980000007898,0
30,2774443.681350000202656,1187253.682479999959469,0
31,2769528.940169999841601,1183696.535579999908805,0
32,2769208.248209999874234,1184671.420179999899119,0
33,2774372.106660000048578,1182521.128560000099242,0
34,2769000.241859999950975,1184852.067359999986365,0
35,2769060.153650000225753,1182986.874469999922439,0
36,2769887.039830000139773,1185655.731810000026599,0
37,2768224.913540000095963,1184184.201619999948889,0
38,2768522.066769999917597,1181660.855979999992996,0
39,2775446.787949999794364,1186074.483659999910742,0
40,2768946.354119999799877,1183783.587610000045970,0
41,2767821.349899999797344,1181596.316660000011325,0
42,2774891.642459999769926,1186883.054250000044703,0
43,2767952.139320000074804,1181738.913100000005215,0
44,2770078.964139999821782,1182400.031710000010207,0
45,2767955.798690000083297,1181508.616029999917373,0
46,2767303.152819999959320,1182001.174429999897256,0
47,2770579.692729999776930,1185535.222039999905974,0
48,2768543.955060000065714,1185052.138569999951869,0
49,2774012.148159999866039,1184217.570770000107586,0
50,2773601.274120000191033,1182419.141700000036508,0
51,2770730.042220000177622,1186072.381160000106320,0
52,2769196.311550000216812,1185127.922550000017509,0
53,2768781.091169999912381,1181413.423549999948591,0
54,2775967.310980000067502,1185703.744339999975637,0
55,2769650.154140000231564,1184204.885319999884814,0
56,2769909.798270000144839,1185647.716010000091046,0
57,2776081.013569999951869,1185893.116979999933392,0
58,2769769.463039999827743,1184189.130750000011176,0
59,2769202.659599999897182,1183627.105059999972582,0
60,2775560.661700000055134,1185412.849189999978989,0
61,2771125.268310000188649,1185771.741480000084266,0
62,2770150.644390000030398,1182272.334700000006706,0
63,2767760.674870000220835,1182963.347589999902993,0
64,2774164.874530000146478,1184439.933919999981299,0
65,2769742.468770000152290,1185580.665000000037253,0
66,2767873.707220000214875,1183918.046439999947324,0
67,2768002.944579999893904,1181026.141190000111237,0
68,2776337.150979999918491,1186840.912049999926239,0
69,2774939.287070000078529,1185407.386549999937415,0
70,2771696.888749999925494,1184638.361010000109673,0
71,2769611.541670000180602,1181680.707829999970272,0
72,2772222.030030000023544,1186164.114270000020042,0
73,2769088.260830000042915,1182486.551100000040606,0
74,2769580.344380000140518,1184121.196980000007898,0
75,2768335.286110000219196,1183332.122919999994338,0
76,2775867.546140000224113,1186610.746250000083819,0
77,2770659.560099999886006,1186031.270470000104979,0
78,2770043.889380000066012,1186171.285559999989346,0
79,2769139.965170000214130,1184485.944219999946654,0
80,2775658.301489999983460,1185114.044440000085160,0
81,2768883.273339999839664,1185190.392560000065714,0
82,2776047.498589999973774,1186228.522769999923185,0
83,2776198.059609999880195,1185833.054809999885038,0
84,2767673.812959999777377,1182347.668009999906644,0
85,2774538.578970000147820,1182552.201270000077784,0
86,2768148.298880000133067,1182707.157859999919310,0
87,2774813.414379999972880,1184262.447159999981523,0
88,2771215.639179999940097,1182020.191159999929368,0
89,2770789.762089999858290,1183846.168060000054538,0
90,2773279.044449999928474,1186270.484600000083447,0
91,2774057.182159999851137,1182442.526739999884740,0
92,2772188.932359999977052,1186411.137510000029579,0
93,2768535.927740000188351,1181991.839810000034049,0
94,2770232.661460000090301,1184212.599709999980405,0
95,2768882.141820000018924,1182582.549099999945611,0
96,2767345.160050000064075,1182730.242330000037327,0
97,2775324.854650000110269,1184913.078089999966323,0
98,2776608.792799999937415,1186692.905950000043958,0
99,2767852.746809999924153,1182019.692580000031739,0
100,2767395.546810000203550,1183324.752270000055432,0
101,2769003.023039999883622,1185683.827689999947324,0
102,2774290.559350000228733,1185254.953979999991134,0
103,2769643.184659999795258,1185142.977489999961108,0
104,2769688.095199999865144,1183396.361999999964610,0
105,2768496.781299999915063,1181764.703599999891594,0
106,2769941.717619999777526,1184706.982270000036806,0
107,2772586.074140000157058,1183730.358359999954700,0
108,2769925.507759999949485,1186282.688670000061393,0
109,2776990.856399999931455,1186235.759430000092834,0
110,2776566.929609999991953,1186756.973539999919012,0
111,2768444.664659999776632,1181403.075570000102744,0
112,2775638.752919999882579,1186764.779480000026524,0
113,2768806.786609999835491,1185373.148039999883622,0
114,2767859.313159999903291,1182363.801789999939501,0
115,2769390.107479999773204,1181683.939710000064224,0
116,2774061.701929999981076,1184104.471700000111014,0
117,2772749.488369999919087,1184164.913329999893904,0
118,2775741.058929999824613,1185727.429620000068098,0
119,2773294.419149999972433,1184392.450519999954849,0
120,2767913.465650000143796,1181544.727859999984503,0
121,2775259.518439999781549,1186999.217489999951795,0
122,2767825.953569999895990,1181451.797849999973550,0
123,2776970.126019999850541,1186278.095250000013039,0
124,2767595.158090000040829,1182756.913010000018403,0
125,2767541.301159999798983,1182847.951619999948889,0
126,2776614.041720000095665,1186756.255420000059530,0
127,2769901.374199999962002,1184130.415460000047460,0
128,2775408.862949999980628,1184295.567090000025928,0
129,2768773.382590000052005,1182711.379609999945387,0
130,2770651.472339999862015,1182031.245649999938905,0
131,2768701.654509999789298,1182890.669509999919683,0
132,2771494.290440000128001,1186876.508140000049025,0
133,2774124.829909999854863,1182505.439000000013039,0
134,2769100.366789999883622,1181738.210320000071079,0
135,2769089.217160000000149,1184248.455539999995381,0
136,2770789.820969999767840,1185111.493049999931827,0
137,2773930.605010000057518,1186469.718989999964833,0
138,2768657.711519999895245,1182372.746730000013486,0
139,2773612.004689999856055,1183731.479019999969751,0
140,2768988.680410000029951,1183737.621909999987110,0
141,2777008.249270000029355,1186042.929779999889433,0
142,2769671.190429999958724,1185641.956509999930859,0
143,2772311.584759999997914,1183650.777990000089630,0
144,2770638.397599999792874,1184184.603610000107437,0
145,2775450.784279999788851,1185675.901120000053197,0
146,2767647.651010000146925,1182719.549459999892861,0
147,2772973.814679999835789,1187125.062829999951646,0
148,2768091.527569999918342,1182650.116549999918789,0
149,2774822.609809999819845,1184611.985480000032112,0
150,2768961.749540000222623,1185561.026280000107363,0
151,2777174.851600000169128,1186855.902449999935925,0
152,2770552.582020000088960,1185941.337740000104532,0
153,2774161.019479999784380,1184739.903519999934360,0
154,2769681.078430000226945,1181847.238730000099167,0
155,2775382.510189999826252,1186653.876459999941289,0
156,2773786.384349999949336,1182370.855909999925643,0
157,2771412.494859999977052,1185876.830790000036359,0
158,2773611.329820000100881,1181613.800569999963045,0
159,2769358.470610000193119,1181740.783049999969080,0
160,2768785.124629999976605,1182369.258210000116378,0
161,2769348.014829999767244,1184368.875779999885708,0
162,2774734.712890000082552,1184119.291089999955148,0
163,2768762.659640000201762,1181070.011720000067726,0
164,2769611.613280000165105,1183851.301590000046417,0
165,2768570.892719999887049,1181914.129449999891222,0
166,2769121.990079999901354,1181988.630910000065342,0
167,2770433.039530000183731,1184273.986980000045151,0
168,2773176.216299999970943,1185835.557329999981448,0
169,2775445.082990000024438,1185378.573129999917001,0
170,2769063.200310000218451,1185696.368999999947846,0
171,2770615.624470000155270,1183964.400970000075176,0
172,2768152.676250000018626,1181432.397240000078455,0
173,2768892.254769999999553,1183964.493659999920055,0
174,2769916.470960000064224,1182514.613670000107959,0
175,2773992.339170000050217,1185410.781509999884292,0
176,2773796.255330000072718,1182526.061810000101104,0
177,2769130.436660000123084,1183875.408959999913350,0
178,2769040.940299999900162,1181133.913630000082776,0
179,2768629.258479999843985,1181490.430320000043139,0
180,2769441.067919999826699,1183067.628580000018701,0
181,2768876.723900000099093,1185124.063599999994040,0
182,2774200.201719999779016,1184213.963579999981448,0
183,2772880.850060000084341,1182910.961869999999180,0
184,2772433.934220000170171,1182985.615530000068247,0
185,2769451.603709999937564,1182341.246210000012070,0
186,2770387.205180000048131,1186198.235369999893010,0
187,2775805.312500000000000,1185815.749150000046939,0
188,2769295.184169999789447,1183701.931749999988824,0
189,2770228.713130000047386,1186039.988790000090376,0
190,2767934.254759999923408,1183874.089840000029653,0
191,2767285.513410000130534,1182613.015429999912158,0
192,2769614.035560000222176,1184202.882500000065193,0
193,2775237.090549999848008,1185519.520199999911711,0
194,2766870.685759999789298,1182267.593429999891669,0
195,2776371.777619999833405,1186021.553430000087246,0
196,2776376.063300000037998,1186342.616059999912977,0
197,2769552.582479999866337,1185673.599089999916032,0
198,2775506.640490000136197,1185942.313820000039414,0
199,2769440.045820000115782,1183590.667240000097081,0
200,2773389.965900000184774,1186428.630959999980405,0
201,2776545.772929999977350,1185973.067599999951199,0
202,2776175.181840000208467,1187074.549790000077337,0
203,2776523.329080000054091,1186698.123080000048503,0
204,2774294.539919999893755,1184890.076750000007451,0
205,2771872.451940000057220,1186290.004230000078678,0
206,2768911.124019999988377,1185518.046300000045449,0
207,2768345.407399999909103,1181633.430960000026971,0
208,2767102.599119999911636,1181698.680799999972805,0
209,2775686.912920000031590,1186952.020269999979064,0
210,2768391.993139999918640,1181786.747590000042692,0
211,2774906.772470000199974,1185477.472890000091866,0
212,2776064.831850000191480,1185654.166470000054687,0
213,2774184.152520000003278,1184350.608370000030845,0
214,2771019.515569999814034,1185468.768709999974817,0
215,2771578.901080000214279,1184949.344210000010207,0
216,2775060.704650000203401,1186331.191469999961555,0
217,2774266.826419999822974,1184145.238850000081584,0
218,2774970.352599999867380,1186289.967040000017732,0
219,2773467.582340000197291,1181603.319469999987632,0
220,2775180.075679999776185,1185371.245259999996051,0
221,2771901.534260000102222,1186097.484819999895990,0
222,2769642.061209999956191,1183556.776809999952093,0
223,2769972.293949999846518,1186097.222929999930784,0
224,2771021.690549999941140,1185454.997299999929965,0
225,2770304.112889999989420,1185211.470470000058413,0
226,2777539.491729999892414,1186152.921159999910742,0
227,2775945.856769999954849,1187671.838639999972656,0
228,2777450.886010000016540,1186333.674030000111088,0
229,2769777.008700000122190,1182084.442999999970198,0
230,2770621.149490000214428,1185988.057959999889135,0
231,2768680.283280000090599,1181060.374790000030771,0
232,2775148.302790000103414,1186439.709430000046268,0
233,2775636.365689999889582,1184525.217239999910817,0
234,2776946.779569999780506,1187113.258919999934733,0
235,2768305.834609999787062,1183918.571689999895170,0
236,2769321.937150000128895,1181710.999000000068918,0
237,2768171.291009999811649,1181816.493209999985993,0
238,2776161.033520000055432,1185668.206560000078753,0
239,2769321.819339999929070,1183825.630399999907240,0
240,2774378.829909999854863,1186313.001669999910519,0
241,2767982.103170000016689,1182674.323559999931604,0
242,2771345.829729999881238,1185527.572819999884814,0
243,2771161.277790000196546,1186477.262619999935851,0
244,2770696.806650000158697,1186478.261669999919832,0
245,2767479.111310000065714,1182176.844040000112727,0
246,2767727.063089999835938,1182205.939560000086203,0
247,2767133.431030000094324,1183038.755300000077114,0
248,2776951.738820000085980,1186039.487399999983609,0
249,2769463.022119999863207,1181558.719439999898896,0
250,2774597.713219999801368,1184028.129750000080094,0
251,2773815.285350000020117,1181848.253340000053868,0
252,2775358.638280000071973,1186661.208600000012666,0
253,2769838.785529999993742,1185843.158259999938309,0
254,2769299.621119999792427,1181711.292089999886230,0
255,2768390.262060000095516,1181383.922319999895990,0
256,2767994.430120000150055,1183753.798020000103861,0
257,2774083.879670000169426,1184201.423620000015944,0
258,2776519.112110000103712,1187088.409070000052452,0
259,2769548.327010000124574,1184593.443560000043362,0
260,2770169.764440000057220,1186002.509400000097230,0
261,2775821.233260000124574,1184427.737149999942631,0
262,2774578.945110000204295,1185830.569609999889508,0
263,2768692.150040000211447,1181217.476400000043213,0
264,2770642.401870000176132,1186170.780060000019148,0
265,2776974.665810000151396,1186541.203680000035092,0
266,2769588.121230000164360,1185039.054460000013933,0
267,2767806.239839999936521,1182427.271870000055060,0
268,2775424.229379999917001,1184567.929229999892414,0
269,2769195.439209999982268,1181729.964399999938905,0
270,2769303.547660000156611,1183176.465450000017881,0
271,2771463.272640000097454,1185019.397300000069663,0
272,2769223.815589999780059,1181252.790659999940544,0
273,2769183.687609999906272,1185083.279550000093877,0
274,2767981.554150000214577,1181382.136320000048727,0
275,2768642.861109999939799,1181965.481149999890476,0
276,2767306.032099999953061,1181946.824980000033975,0
277,2768009.040570000186563,1181704.679789999965578,0
278,2771119.126329999882728,1186228.405719999922439,0
279,2774807.115460000000894,1186192.673219999996945,0
280,2769291.534279999788851,1182857.302889999933541,0
281,2773823.774269999936223,1185911.362110000103712,0
282,2769807.219500000122935,1183475.813030000077561,0
283,2769387.275289999786764,1182504.654099999926984,0
284,2770684.097490000072867,1182215.938869999954477,0
285,2776916.307250000070781,1186635.339519999921322,0
286,2774222.091980000026524,1184145.789090000092983,0
287,2776737.494520000182092,1186810.215210000053048,0
288,2768199.130319999996573,1182986.444850000087172,0
289,2774784.279829999897629,1185821.455539999995381,0
290,2770947.033890000078827,1186765.685569999972358,0
291,2773699.928230000194162,1182375.702830000082031,0
292,2774167.452029999811202,1182849.024680000031367,0
293,2770287.202000000048429,1184926.846820000093430,0
294,2768554.697699999902397,1184836.382920000003651,0
295,2767935.695640000049025,1181484.808020000113174,0
296,2768233.290089999791235,1182488.219629999948665,0
297,2768831.197139999829233,1182681.135930000105873,0
298,2774507.645750000141561,1186543.836029999889433,0
299,2775453.516299999784678,1184643.334500000113621,0
300,2773559.608299999963492,1183864.099789999891073,0
301,2770269.438680000137538,1184255.164619999937713,0
302,2767854.463700000196695,1182222.485020000021905,0
303,2775655.451140000019222,1185341.424159999936819,0
304,2772739.277129999827594,1184160.491489999927580,0
305,2769465.496100000105798,1184411.973810000112280,0
306,2770127.856749999802560,1186298.781590000027791,0
307,2772610.571330000180751,1183832.736299999989569,0
308,2773569.666040000040084,1181554.191610000096262,0
309,2773936.111299999989569,1186575.241230000043288,0
310,2767220.779810000211000,1181605.938020000001416,0
311,2770266.926820000167936,1182005.145019999938086,0
312,2767831.334230000153184,1183650.292099999962375,0
313,2772641.432450000196695,1183929.377099999925122,0
314,2766996.329450000077486,1182402.306229999987409,0
315,2772923.475750000216067,1186867.638090000022203,0
316,2777004.342480000108480,1186151.199710000073537,0
317,2769233.377890000119805,1184332.274220000021160,0
318,2776797.711060000117868,1186266.597280000103638,0
319,2767323.316190000157803,1182643.545429999940097,0
320,2770644.852070000022650,1182271.860300000058487,0
321,2775437.831259999889880,1187006.706329999957234,0
322,2775388.197209999896586,1184813.819230000022799,0
323,2768053.121360000222921,1183181.873820000095293,0
324,2771046.833620000164956,1184874.048320000059903,0
325,2768521.509049999993294,1184931.042499999981374,0
326,2769894.656760000158101,1181898.346630000043660,0
327,2775516.120469999965280,1184900.465890000108629,0
328,2776586.217809999827296,1186274.988889999920502,0
329,2767795.399890000000596,1181994.225570000009611,0
330,2770102.477039999794215,1185591.753460000036284,0
331,2767615.755950000137091,1183518.151439999928698,0
332,2775187.700540000107139,1186250.839179999893531,0
333,2768034.665299999993294,1183487.505610000109300,0
334,2770779.296529999934137,1186263.662269999971613,0
335,2769964.160910000093281,1183620.752970000030473,0
336,2774681.206439999863505,1185904.092239999910817,0
337,2774736.814919999800622,1184425.818110000109300,0
338,2768247.048289999831468,1184712.019739999901503,0
339,2775455.989920000080019,1184374.738450000062585,0
340,2769671.305009999778122,1184299.235889999894425,0
341,2767599.719000000040978,1182157.983900000108406,0
342,2767079.916600000113249,1181850.152810000116006,0
343,2775011.515699999872595,1186816.570379999931902,0
344,2775644.664150000084192,1185538.651509999996051,0
345,2775363.003909999970347,1184981.368740000063553,0
346,2767638.755960000213236,1182789.185389999998733,0
347,2775453.934140000026673,1185382.855059999972582,0
348,2770515.842100000008941,1186540.538299999898300,0
349,2769571.137980000115931,1183535.508820000104606,0
350,2774067.967970000114292,1184579.607280000112951,0
351,2775904.815309999976307,1186801.940170000074431,0
352,2769085.370170000009239,1182153.060629999963567,0
353,2770506.108339999802411,1185402.815410000039265,0
354,2770235.769700000062585,1183856.022919999901205,0
355,2775794.262529999949038,1186784.947519999928772,0
356,2775679.960620000027120,1186583.063839999958873,0
357,2767340.886039999779314,1182546.481699999887496,0
358,2774726.209830000065267,1186223.261279999976978,0
359,2770041.596880000084639,1183400.303079999983311,0
360,2769547.312789999879897,1184542.153050000080839,0
361,2771691.813300000037998,1186172.205219999887049,0
362,2770266.311499999836087,1186246.192289999919012,0
363,2769681.719699999783188,1182091.367610000073910,0
364,2768818.233370000030845,1184089.031889999983832,0
365,2769747.095240000169724,1182197.831509999930859,0
366,2773940.807289999909699,1182486.875530000077561,0
367,2773802.396269999910146,1183546.238609999883920,0
368,2777082.220610000193119,1185805.147790000075474,0
369,2777118.177279999945313,1185835.103189999936149,0
370,2768871.572089999914169,1183365.328949999995530,0
371,2769752.654769999906421,1181856.221420000074431,0
372,2769066.854129999876022,1186068.583319999976084,0
373,2776492.293819999787956,1186584.122889999998733,0
374,2772447.306689999997616,1183763.064740000059828,0
375,2768625.241750000044703,1182774.849200000055134,0
376,2775435.482770000118762,1186660.354629999957979,0
377,2774736.051279999781400,1185729.015439999988303,0
378,2769025.300079999957234,1184159.264639999950305,0
379,2774322.509740000125021,1184573.926250000018626,0
380,2770862.699659999925643,1184911.397730000084266,0
381,2768499.796130000147969,1182934.559499999973923,0
382,2769898.997690000105649,1184408.221660000039265,0
383,2769971.310980000067502,1182435.821710000047460,0
384,2771242.361610000021756,1186264.312320000026375,0
385,2768761.024449999909848,1185336.605299999937415,0
386,2771568.367740000132471,1184820.524280000012368,0
387,2776276.978240000084043,1186581.451649999944493,0
388,2771409.171589999925345,1184873.402569999918342,0
389,2767445.767839999869466,1183285.268239999888465,0
390,2774575.639059999957681,1184557.257380000082776,0
391,2773863.394400000106543,1184504.339750000042841,0
392,2771732.622740000020713,1186099.350619999924675,0
393,2768603.827000000048429,1181547.492420000024140,0
394,2771392.387689999770373,1186808.981540000066161,0
395,2776685.619039999786764,1187246.348650000058115,0
396,2769379.438080000225455,1183134.296069999923930,0
397,2773061.818599999882281,1185653.108019999926910,0
398,2768026.225169999990612,1183676.583559999940917,0
399,2769797.339190000202507,1183465.849020000081509,0
400,2769967.844810000155121,1183362.280120000010356,0
401,2769261.334960000123829,1182921.761829999973997,0
402,2774646.151469999924302,1183891.567629999946803,0
403,2771565.758950000163168,1184723.074430000036955,0
404,2767796.807380000129342,1183516.131069999886677,0
405,2771707.547360000200570,1184704.665680000092834,0
406,2770827.711290000006557,1186669.388079999946058,0
407,2767262.850750000216067,1181921.904420000035316,0
408,2769647.118650000076741,1184425.417529999976978,0
409,2774277.700819999910891,1185200.442890000063926,0
410,2769980.469969999976456,1184690.476939999964088,0
411,2771269.252710000146180,1186645.668349999934435,0
412,2771159.148819999769330,1186297.870180000085384,0
413,2772585.456100000068545,1183713.789820000063628,0
414,2768739.752960000187159,1185244.624740000115708,0
415,2776808.779070000164211,1185822.297509999945760,0
416,2774079.819959999993443,1184820.424429999897256,0
417,2769640.405609999783337,1182148.614760000025854,0
418,2769121.878250000067055,1186039.454589999979362,0
419,2773121.647770000156015,1186289.580679999897256,0
420,2769009.106199999805540,1184687.229790000012144,0
421,2768980.858969999942929,1184265.440859999973327,0
422,2771660.592449999880046,1184792.679029999999329,0
423,2774043.923260000068694,1185108.112519999966025,0
424,2772452.511010000016540,1183767.392109999898821,0
425,2776577.787459999788553,1186206.008820000104606,0
426,2769477.100740000139922,1185374.207350000040606,0
427,2767303.869450000114739,1183223.972330000018701,0
428,2775399.456670000217855,1184925.276139999972656,0
429,2770827.288060000166297,1184985.666269999928772,0
430,2774469.457650000229478,1186495.847169999964535,0
431,2776257.719539999961853,1185951.051629999885336,0
432,2772895.498579999897629,1182982.220780000090599,0
433,2770479.369130000006407,1185265.930630000075325,0
434,2768146.522659999784082,1183222.223539999919012,0
435,2775000.817590000107884,1185308.569399999920279,0
436,2767756.184049999807030,1182776.371460000053048,0
437,2773158.331189999822527,1186052.361329999985173,0
438,2771405.520029999781400,1186442.064460000023246,0
439,2767486.568390000145882,1182815.665680000092834,0
440,2774646.541530000045896,1186826.601090000011027,0
441,2775213.520260000135750,1184430.202620000112802,0
442,2768470.929440000094473,1180764.463089999975637,0
443,2775037.652639999985695,1185022.628569999942556,0
444,2774597.730560000054538,1184858.762980000115931,0
445,2774089.793149999808520,1186977.716470000101253,0
446,2771202.841430000029504,1184758.839129999978468,0
447,2772532.424420000053942,1184011.483680000063032,0
448,2768300.406870000064373,1183103.623270000098273,0
449,2777464.344409999903291,1186148.426620000042021,0
450,2768511.763950000051409,1183108.696870000101626,0
451,2767829.752880000043660,1182271.165890000062063,0
452,2769809.423039999790490,1186302.801860000006855,0
453,2774860.119529999792576,1185954.399350000079721,0
454,2767562.603999999817461,1183540.894289999967441,0
455,2767342.637130000162870,1181963.869059999939054,0
456,2771272.503610000014305,1185643.203560000052676,0
457,2769071.538800000213087,1181035.512850000057369,0
458,2774640.592910000123084,1185460.115389999933541,0
459,2774542.496170000173151,1185224.788780000060797,0
460,2768700.406409999821335,1180869.620610000099987,0
461,2769433.841529999859631,1184366.415800000075251,0
462,2771806.735760000068694,1185519.915370000060648,0
463,2769332.238009999971837,1185217.226819999981672,0
464,2767828.741700000129640,1181111.223040000069886,0
465,2775372.654959999956191,1185803.843610000098124,0
466,2771808.455620000138879,1186645.679179999977350,0
467,2767989.046079999767244,1181079.057969999965280,0
468,2774516.829090000130236,1185645.444029999896884,0
469,2777550.424180000089109,1186119.173070000018924,0
470,2768020.462939999997616,1183560.215920000104234,0
471,2769125.032240000087768,1181586.818669999949634,0
472,2773307.379029999952763,1184279.021269999910146,0
473,2776935.006359999999404,1186556.460549999959767,0
474,2772304.364219999872148,1183520.990299999946728,0
475,2773772.964300000108778,1181885.474549999926239,0
476,2775436.838940000161529,1186719.376069999998435,0
477,2769158.890139999799430,1181829.161469999933615,0
478,2775480.634269999805838,1186351.290070000104606,0
479,2768755.696949999779463,1183830.090970000019297,0
480,2769565.688870000187308,1182431.810019999975339,0
481,2769232.564869999885559,1185333.087749999947846,0
482,2767465.830490000080317,1181336.616320000030100,0
483,2777161.665870000142604,1187001.376020000083372,0
484,2774636.215489999856800,1185703.435109999962151,0
485,2768893.693940000142902,1183292.901539999991655,0
486,2770187.969279999844730,1186048.024599999887869,0
487,2771689.056640000082552,1185746.493620000081137,0
488,2768888.144210000056773,1183723.043229999952018,0
489,2772545.816680000163615,1183995.331059999996796,0
490,2768961.543570000212640,1184408.124740000115708,0
491,2767885.202419999986887,1183284.787580000003800,0
492,2770027.057570000179112,1183965.949470000108704,0
493,2771273.582059999927878,1184709.238099999958649,0
494,2767019.197130000218749,1182129.930470000021160,0
495,2774450.795609999913722,1182565.863260000012815,0
496,2768615.675299999769777,1185193.811269999947399,0
497,2771616.449500000104308,1184795.490100000053644,0
498,2768429.112650000024587,1184198.172950000036508,0
499,2770475.397650000173599,1184467.344460000051185,0
500,2772746.087369999848306,1185739.523629999952391,0
501,2768924.331079999916255,1181615.916740000015125,0
502,2768805.612639999948442,1184576.597259999951348,0
503,2774704.450889999978244,1184599.232229999965057,0
504,2775076.491100000217557,1185765.965559999924153,0
505,2777493.908619999885559,1185911.898250000085682,0
506,2770817.589300000108778,1185426.984369999961928,0
507,2770936.736089999787509,1182065.707369999960065,0
508,2769174.914679999928921,1181702.898120000027120,0
509,2773959.398459999822080,1181864.733280000044033,0
510,2767439.565890000201762,1182557.474260000046343,0
511,2776786.282569999806583,1185954.824220000067726,0
512,2775097.866400000173599,1186578.066189999924973,0
513,2777126.902869999874383,1186958.354019999969751,0
514,2770200.576200000010431,1186273.462939999997616,0
515,2768235.592180000152439,1180890.936740000033751,0
516,2775171.181210000067949,1186215.219790000002831,0
517,2768832.550400000065565,1181998.689789999974892,0
518,2773622.162349999882281,1183785.160050000064075,0
519,2775915.959439999889582,1186381.844869999913499,0
520,2767264.391919999849051,1182333.083279999904335,0
521,2768385.214279999956489,1181663.833110000006855,0
522,2771611.583939999807626,1182155.868659999920055,0
523,2768317.594299999997020,1183905.210489999968559,0
524,2769141.567809999920428,1181232.617980000097305,0
525,2774791.816750000230968,1184594.905000000027940,0
526,2769146.912299999967217,1182976.190660000080243,0
527,2773158.953189999796450,1184873.372010000050068,0
528,2769304.557330000214279,1185612.839600000064820,0
529,2768752.188109999988228,1183901.311689999885857,0
530,2770065.156039999797940,1185880.729710000101477,0
531,2775656.881380000151694,1186926.151370000094175,0
532,2768317.548289999831468,1183116.498059999896213,0
533,2771548.236639999784529,1184930.206410000100732,0
534,2769988.046829999890178,1181756.120709999930114,0
535,2776261.367620000150055,1186467.114509999984875,0
536,2768779.752840000204742,1184762.040030000032857,0
537,2770193.537490000016987,1182316.946089999983087,0
538,2770424.074849999975413,1184354.757019999902695,0
539,2774134.651010000146925,1184778.312739999964833,0
540,2770589.761270000133663,1183997.499139999970794,0
541,2770696.085400000214577,1185660.471619999967515,0
542,2767931.463930000085384,1181755.532240000087768,0
543,2769598.280420000199229,1185717.722370000090450,0
544,2769954.246220000088215,1186326.594009999884292,0
545,2775332.196359999943525,1185702.521040000021458,0
546,2769025.200329999905080,1184202.007990000071004,0
547,2775402.223499999847263,1187884.575230000074953,0
548,2768600.629660000093281,1180751.378879999974743,0
549,2777425.941990000195801,1186068.705019999993965,0
550,2769656.060949999839067,1182982.182299999985844,0
551,2775202.844250000081956,1185059.651940000010654,0
552,2768372.512190000154078,1182978.667859999928623,0
553,2776456.655619999859482,1186277.499920000089332,0
554,2777100.228639999870211,1186897.625410000095144,0
555,2768576.256209999788553,1183469.686040000058711,0
556,2768505.413209999911487,1182630.536349999951199,0
557,2769232.935750000178814,1184290.070869999937713,0
558,2776583.579440000001341,1186224.251720000058413,0
559,2771096.905859999824315,1184740.235649999929592,0
560,2769753.156419999897480,1183796.781669999938458,0
561,2767317.354600000195205,1181911.555649999994785,0
562,2766909.757730000186712,1181889.949500000104308,0
563,2771425.819319999776781,1184701.420440000016242,0
564,2770426.453000000212342,1186377.431390000041574,0
565,2771609.702510000206530,1186320.925019999966025,0
566,2773148.973530000075698,1186070.939969999948516,0
567,2768524.115069999825209,1180704.620690000010654,0
568,2772512.732030000071973,1184193.418610000051558,0
569,2769784.690119999926537,1183849.838230000110343,0
570,2775092.061759999953210,1184810.756730000022799,0
571,2769092.848720000125468,1184556.574030000017956,0
572,2768714.467360000126064,1181276.982520000077784,0
573,2776705.952380000147969,1186648.436770000029355,0
574,2769043.618400000035763,1185148.269030000083148,0
575,2775228.488510000053793,1185942.624420000007376,0
576,2775914.210299999918789,1185502.919549999991432,0
577,2769983.214529999997467,1184872.377050000010058,0
578,2769367.100949999876320,1185318.975520000094548,0
579,2769739.789739999920130,1181912.012589999940246,0
580,2768962.607050000224262,1185019.867249999893829,0
581,2774322.323170000221580,1184160.763539999956265,0
582,2772873.626660000067204,1185048.478489999892190,0
583,2769629.577539999969304,1186108.914469999959692,0
584,2769639.429200000129640,1183126.231210000114515,0
585,2772181.182760000228882,1186346.032899999991059,0
586,2767696.131320000160486,1182633.365029999986291,0
587,2770087.160509999841452,1186119.072960000019521,0
588,2774089.248459999915212,1182880.432860000059009,0
589,2768264.064549999777228,1181902.400050000054762,0
590,2767540.030580000020564,1182496.843649999937043,0
591,2770329.861760000232607,1183526.698330000042915,0
592,2769821.674749999772757,1185572.754979999968782,0
593,2776883.804130000062287,1187130.333640000084415,0
594,2767283.299240000080317,1182207.475120000075549,0
595,2776164.251720000058413,1186227.942240000003949,0
596,2769720.904899999964982,1181853.455069999909028,0
597,2769248.497570000123233,1182386.777530000079423,0
598,2773862.817640000022948,1185608.730710000032559,0
599,2770908.985859999898821,1186714.951120000099763,0
600,2767412.048990000039339,1181602.495249999919906,0
601,2768958.001960000023246,1182832.280749999918044,0
602,2768521.978930000215769,1181715.350920000113547,0
603,2775167.818310000002384,1186599.180649999994785,0
604,2770491.269549999851733,1184230.521170000080019,0
605,2774570.151810000184923,1183943.789670000085607,0
606,2776548.927639999892563,1186090.849930000025779,0
607,2770583.129660000093281,1185272.825729999924079,0
608,2769114.567350000143051,1181016.770139999920502,0
609,2770571.665390000212938,1186630.479220000095665,0
610,2768550.945369999855757,1183793.116500000003725,0
611,2774017.504920000210404,1185278.306749999988824,0
612,2775885.509140000212938,1185861.183110000099987,0
613,2773522.470129999797791,1181831.438400000100955,0
614,2768147.264200000092387,1181685.114969999995083,0
615,2766711.939759999979287,1181735.775180000113323,0
616,2774956.974369999952614,1185006.902040000073612,0
617,2776551.853910000063479,1186407.335609999950975,0
618,2773056.165719999931753,1183016.733479999937117,0
619,2777066.176299999933690,1187463.323929999954998,0
620,2769334.776480000000447,1185364.489749999949709,0
621,2767648.678629999980330,1181796.335969999898225,0
622,2777193.173810000065714,1187382.992289999965578,0
623,2768730.933389999903738,1182155.730010000057518,0
624,2769280.279300000052899,1183810.795290000038221,0
625,2776734.344169999938458,1186054.815819999901578,0
626,2768942.306749999988824,1181246.388049999950454,0
627,2775010.236829999834299,1186337.362029999960214,0
628,2776875.662500000093132,1186522.260239999974146,0
629,2767036.210150000173599,1182306.679770000046119,0
630,2768025.476559999864548,1181195.546839999966323,0
631,2770515.724990000016987,1185650.989569999976084,0
632,2768959.200269999913871,1184995.850929999956861,0
633,2775757.465199999976903,1185445.804419999942183,0
634,2768257.852580000180751,1181546.201050000032410,0
635,2775415.907209999859333,1185709.909239999949932,0
636,2768479.856199999805540,1184223.032279999926686,0
637,2775362.773550000041723,1184448.928839999949560,0
638,2768369.974359999876469,1182246.822399999946356,0
639,2768350.869479999877512,1184159.708430000115186,0
640,2770522.623540000058711,1186200.600529999937862,0
641,2769416.548700000159442,1182357.231480000074953,0
642,2767728.645289999898523,1183485.259629999985918,0
643,2768553.888619999866933,1183431.093899999978021,0
644,2769531.851520000025630,1183072.767549999989569,0
645,2767524.649939999915659,1182954.876940000103787,0
646,2772705.751370000187308,1185690.235499999951571,0
647,2775627.322389999870211,1185229.773150000022724,0
648,2769802.436009999830276,1184310.090809999965131,0
649,2767762.463419999927282,1181813.984260000055656,0
650,2774099.264210000168532,1182897.475570000009611,0
651,2768202.743439999874681,1183047.130170000018552,0
652,2775412.856860000174493,1185269.667219999944791,0
653,2775104.464540000073612,1185809.849679999984801,0
654,2768808.412870000116527,1181400.710770000005141,0
655,2774861.129639999940991,1186742.501940000103787,0
656,2775207.366820000112057,1185206.661529999924824,0
657,2776817.443349999841303,1186287.879600000102073,0
658,2777474.787779999896884,1186052.278829999966547,0
659,2774041.613890000153333,1182426.751219999976456,0
660,2774981.786749999970198,1186800.668069999897853,0
661,2770978.392310000024736,1184921.410589999984950,0
662,2775883.637949999887496,1186750.976160000078380,0
663,2770537.824829999823123,1183929.581350000109524,0
664,2768846.834090000018477,1183780.329619999974966,0
665,2770136.131109999958426,1185416.680129999993369,0
666,2768683.348110000137240,1184760.572149999905378,0
667,2767840.074610000010580,1183285.523779999930412,0
668,2773161.521759999915957,1186155.218979999888688,0
669,2774009.066000000108033,1185113.937859999947250,0
670,2770670.341169999912381,1185991.774239999940619,0
671,2772001.512149999849498,1186136.880260000005364,0
672,2775709.945950000081211,1184624.559060000116006,0
673,2770184.478899999987334,1184495.691080000018701,0
674,2770529.632799999788404,1186112.121079999953508,0
675,2775515.411710000131279,1184523.441949999891222,0
676,2776815.552060000132769,1186031.417029999895021,0
677,2772776.775049999821931,1182992.176340000005439,0
678,2773027.230649999808520,1184449.335600000107661,0
679,2767645.090710000135005,1183477.386189999990165,0
680,2775306.811369999777526,1184552.500759999966249,0
681,2770962.670810000039637,1185755.128740000072867,0
682,2771130.078970000147820,1186582.348990000085905,0
683,2768913.569000000134110,1183568.435289999935776,0
684,2770811.789630000013858,1186337.400810000021011,0
685,2775229.230969999916852,1185318.315979999955744,0
686,2770111.825780000071973,1183808.084169999929145,0
687,2770240.226799999829382,1181983.827169999945909,0
688,2768989.107849999796599,1185057.726560000097379,0
689,2769494.971419999841601,1183598.120420000050217,0
690,2769787.513790000230074,1182538.143619999988005,0
691,2769443.154430000111461,1181477.956539999926463,0
692,2768206.501279999967664,1183542.467859999975190,0
693,2768441.109790000133216,1183512.385789999971166,0
694,2773174.881310000084341,1186208.213620000053197,0
695,2769056.094169999938458,1182470.381079999962822,0
696,2767812.197499999776483,1184278.476179999997839,0
697,2774343.334799999836832,1185736.669999999925494,0
698,2768611.901500000152737,1182087.144570000004023,0
699,2768251.406469999812543,1182385.744170000078157,0
700,2766702.781020000111312,1182141.664110000012442,0
701,2774262.664539999794215,1185289.654769999906421,0
702,2768524.055699999909848,1184997.778669999912381,0
703,2773533.964399999938905,1186358.534089999971911,0
704,2767970.065549999941140,1183763.552350000012666,0
705,2770279.277929999865592,1184309.065230000065640,0
706,2770382.106300000101328,1185087.985099999932572,0
707,2770890.192660000175238,1186010.209409999893978,0
708,2768060.861120000015944,1180871.524569999892265,0
709,2770930.467910000123084,1185242.209160000085831,0
710,2773773.891040000133216,1183853.362650000024587,0
711,2769956.422739999834448,1183658.843640000093728,0
712,2774233.331120000220835,1182461.438420000020415,0
713,2770738.344349999912083,1185365.510969999944791,0
714,2775521.270810000132769,1186883.230149999959394,0
715,2768448.495459999889135,1181567.587169999955222,0
716,2769717.453610000200570,1185814.367030000081286,0
717,2770233.078399999998510,1182557.674270000075921,0
718,2772957.814079999923706,1186911.687769999960437,0
719,2769121.586269999854267,1184067.059840000001714,0
720,2767120.759480000007898,1182358.794049999909475,0
721,2767773.710280000232160,1183217.555309999966994,0
722,2768614.107969999779016,1182956.151340000098571,0
723,2776862.450040000025183,1186485.174880000064149,0
724,2768775.769199999980628,1183783.099209999898449,0
725,2767719.424899999983609,1184099.454440000001341,0
726,2770055.831449999939650,1182271.348169999895617,0
727,2770613.868569999933243,1186064.305709999985993,0
728,2776223.231050000060350,1185753.338250000029802,0
729,2772871.840040000155568,1184121.363840000005439,0
730,2775526.702289999928325,1186457.185379999922588,0
731,2777087.908389999996871,1185803.773950000060722,0
732,2770111.725910000037402,1182215.295069999992847,0
733,2766738.602899999823421,1181825.898220000090078,0
734,2769236.136570000089705,1185090.596200000029057,0
735,2775255.806199999991804,1186782.956550000002608,0
736,2769455.038499999791384,1181614.491260000038892,0
737,2769764.551599999889731,1184594.040229999925941,0
738,2774837.366870000027120,1185243.757690000114962,0
739,2767593.962970000226051,1181975.482000000076368,0
740,2769257.930869999807328,1181489.068110000109300,0
741,2770493.115950000006706,1184722.066859999904409,0
742,2770665.857760000042617,1186423.861250000074506,0
743,2769747.019780000206083,1184540.057280000066385,0
744,2774440.027730000205338,1184351.896600000094622,0
745,2771742.759980000089854,1186049.980999999912456,0
746,2768060.495829999912530,1181200.669479999924079,0
747,2770980.228990000206977,1186397.643480000086129,0
748,2775758.065979999955744,1186492.136020000092685,0
749,2769156.709790000226349,1184548.940979999955744,0
750,2776717.231149999890476,1186054.634539999999106,0
751,2768817.600169999990612,1185291.763299999991432,0
752,2769886.066019999794662,1184602.935959999915212,0
753,2775039.158770000096411,1185987.793499999912456,0
754,2770631.939249999821186,1182171.586090000113472,0
755,2770721.806909999810159,1186620.636429999954998,0
756,2773252.314559999853373,1186251.555119999917224,0
757,2769717.997150000184774,1183107.055489999940619,0
758,2767300.191939999815077,1183116.189229999901727,0
759,2767697.744580000173301,1183403.292750000022352,0
760,2773225.989419999998063,1184454.668250000104308,0
761,2767087.846249999944121,1181930.948859999887645,0
762,2775630.554090000223368,1185713.007310000015423,0
763,2770872.536019999999553,1185944.082810000050813,0
764,2774385.204440000001341,1184263.058669999940321,0
765,2775179.971789999864995,1186314.732490000082180,0
766,2770803.789239999838173,1186159.607490000082180,0
767,2773372.521639999933541,1186392.589609999908134,0
768,2774576.976139999926090,1184150.435490000061691,0
769,2769587.903030000161380,1182443.975709999911487,0
770,2771142.348950000014156,1185788.649140000110492,0
771,2775308.203369999770075,1186765.744789999909699,0
772,2768377.370139999780804,1181515.528189999982715,0
773,2769801.609980000182986,1183294.410780000034720,0
774,2775227.290649999864399,1186088.872230000095442,0
775,2767209.008289999794215,1181674.635920000029728,0
776,2773893.932599999941885,1183491.366829999955371,0
777,2769699.234279999975115,1181839.005750000011176,0
778,2769336.729809999931604,1182524.518039999995381,0
779,2773496.510499999858439,1181514.113150000106543,0
780,2770366.834819999989122,1185271.347830000100657,0
781,2767733.745159999933094,1182362.461630000034347,0
782,2768722.384149999823421,1183559.505600000033155,0
783,2769017.325610000174493,1182877.668199999956414,0
784,2771611.989180000033230,1186183.664940000046045,0
785,2767938.340050000231713,1183525.274639999959618,0
786,2774764.364539999980479,1184303.999319999944419,0
787,2769969.868269999977201,1185333.117719999980181,0
788,2769580.438149999827147,1184636.222390000009909,0
789,2769109.119739999994636,1183082.558690000092611,0
790,2768700.683840000070632,1183642.435210000025108,0
791,2766949.337359999772161,1182363.459550000028685,0
792,2770532.842490000184625,1186248.937589999986812,0
793,2771329.435740000102669,1185983.811139999888837,0
794,2775796.488849999848753,1185818.647150000091642,0
795,2769467.371160000097007,1181218.587809999939054,0
796,2769052.724650000222027,1181690.573159999912605,0
797,2776823.341990000102669,1186643.096929999999702,0
798,2770609.832880000118166,1184754.478949999902397,0
799,2771815.494460000190884,1185758.094710000092164,0
800,2776188.030379999894649,1185952.340300000039861,0
801,2768085.917049999814481,1184665.506700000027195,0
802,2768957.690210000146180,1185104.157150000100955,0
803,2772653.132170000113547,1185495.330569999990985,0
804,2774723.507550000213087,1185025.587719999952242,0
805,2769571.048330000136048,1182076.357390000019222,0
806,2775060.754949999973178,1186248.686639999970794,0
807,2773111.837009999901056,1185506.097770000109449,0
808,2776581.728370000142604,1186739.237690000096336,0
809,2775198.591430000029504,1185605.914379999972880,0
810,2769073.082529999781400,1185252.060250000096858,0
811,2771123.930079999845475,1185008.606369999935851,0
812,2767457.520169999916106,1183131.256169999949634,0
813,2769990.828799999784678,1185406.014290000079200,0
814,2773838.594349999912083,1183570.972240000031888,0
815,2771484.905230000149459,1186483.854109999956563,0
816,2777382.931739999912679,1186205.480479999911040,0
817,2775701.924199999775738,1185634.874439999926835,0
818,2767788.599239999894053,1183706.220040000043809,0
819,2777411.979299999773502,1185997.304119999986142,0
820,2769320.349450000096112,1181820.675090000033379,0
821,2768442.375099999830127,1183609.136350000044331,0
822,2775205.201669999863952,1185863.804509999928996,0
823,2770585.958889999892563,1183955.289429999887943,0
824,2770305.412099999841303,1186079.598179999971762,0
825,2773991.205269999802113,1183903.292609999887645,0
826,2772954.972699999809265,1184323.312380000017583,0
827,2773973.783400000073016,1181811.616850000107661,0
828,2769441.848460000008345,1185525.409939999924973,0
829,2772927.762949999887496,1186280.031119999941438,0
830,2769403.290570000186563,1184411.067839999916032,0
831,2767694.813380000181496,1182027.594890000065789,0
832,2775726.315130000002682,1187637.391640000045300,0
833,2775598.050079999957234,1186099.081569999922067,0
834,2769225.367380000185221,1181317.031770000001416,0
835,2770939.719279999844730,1186420.910290000028908,0
836,2775878.423340000212193,1186068.105380000080913,0
837,2768455.951869999989867,1184770.496629999950528,0
838,2769089.032680000178516,1185663.183669999940321,0
839,2773863.136750000063330,1184482.596589999971911,0
840,2770229.477039999794215,1184859.190949999960139,0
841,2772620.591140000149608,1184112.372969999909401,0
842,2774876.486159999854863,1186069.030160000082105,0
843,2775183.397919999901205,1185896.488790000090376,0
844,2768722.315549999941140,1182164.869459999958053,0
845,2768341.579400000162423,1184197.286460000090301,0
846,2767236.816490000113845,1181883.835789999924600,0
847,2767864.577240000013262,1183163.813180000055581,0
848,2775085.413689999841154,1186430.863349999999627,0
849,2769403.296949999872595,1185855.247710000025108,0
850,2768588.258359999861568,1182671.641030000057071,0
851,2774902.516280000098050,1184492.437780000036582,0
852,2770781.108200000133365,1186148.876889999955893,0
853,2767485.199579999782145,1182299.658850000007078,0
854,2769992.574279999826103,1185061.848239999962971,0
855,2769899.058619999792427,1182022.772489999886602,0
856,2774648.479960000142455,1184649.227540000109002,0
857,2774733.301599999889731,1185759.734410000033677,0
858,2775116.062239999882877,1185305.281459999969229,0
859,2770288.375080000143498,1184279.680990000022575,0
860,2775541.904360000044107,1184451.002989999949932,0
861,2768821.613140000030398,1182666.287609999999404,0
862,2775692.038559999782592,1186443.836940000066534,0
863,2769194.052680000197142,1185292.302810000022873,0
864,2775829.806979999877512,1185478.328770000021905,0
865,2770841.125510000158101,1183905.714170000050217,0
866,2769595.498579999897629,1183462.558949999976903,0
867,2776164.819120000116527,1187131.684330000076443,0
868,2769921.012130000162870,1181769.177459999918938,0
869,2769980.255900000222027,1185321.999709999887273,0
870,2769182.649679999798536,1184910.404490000102669,0
871,2774319.461980000138283,1184366.319290000014007,0
872,2767845.856730000115931,1183660.956579999998212,0
873,2769151.915250000078231,1181578.116709999972954,0
874,2768008.076760000083596,1183948.739539999980479,0
875,2775030.142370000015944,1185012.285949999932200,0
876,2768292.633260000031441,1182703.009400000097230,0
877,2776580.584009999874979,1186846.947089999914169,0
878,2776517.576630000025034,1187177.659560000058264,0
879,2771348.300360000226647,1185704.175520000047982,0
880,2776106.476079999934882,1186683.091740000061691,0
881,2771523.872620000038296,1186702.730509999906644,0
882,2768530.688620000146329,1184657.678629999980330,0
883,2775456.056059999857098,1186115.495480000041425,0
884,2769748.775129999965429,1182104.500370000023395,0
885,2771324.403580000158399,1184642.312529999995604,0
886,2774191.109790000133216,1182451.756909999996424,0
887,2770477.531680000014603,1185220.563079999992624,0
888,2769398.276910000015050,1185772.847390000009909,0
889,2767456.678780000191182,1182245.796169999986887,0
890,2775039.980860000010580,1186985.511669999919832,0
891,2768504.249569999985397,1184045.006000000052154,0
892,2770368.499220000114292,1186267.062140000052750,0
893,2769321.610150000080466,1182722.589039999991655,0
894,2768552.898649999871850,1182160.398779999930412,0
895,2774325.619369999971241,1184742.972460000077263,0