FID,x,y,lslpts
0,2769181.434729999862611,1180669.242610000073910,1
1,2769133.136669999919832,1180685.778889999957755,1
2,2768449.500000000000000,1180696.000000000000000,1
3,2769221.695650000125170,1180694.865939999930561,1
4,2769216.250000000000000,1180709.250000000000000,1
5,2769224.042789999861270,1180719.033779999939725,1
6,2768418.166670000180602,1180721.562500000000000,1
7,2768762.252619999926537,1180720.785459999926388,1
8,2769177.318330000154674,1180716.171689999988303,1
9,2768153.867019999772310,1180741.324470000108704,1
10,2769250.939809999894351,1180743.266039999900386,1
11,2768154.250000000000000,1180746.418250000104308,1
12,2768887.000000000000000,1180770.750000000000000,1
13,2768895.000000000000000,1180773.000000000000000,1
14,2769256.197509999852628,1180757.000000000000000,1
15,2769093.774999999906868,1180785.425000000046566,1
16,2768384.676829999778420,1180791.189019999932498,1
17,2768374.465979999862611,1180794.759229999966919,1
18,2768123.667909999843687,1180809.242540000006557,1
19,2768119.000000000000000,1180816.750000000000000,1
20,2768176.960529999807477,1180821.302630000049248,1
21,2768030.750000000000000,1180829.250000000000000,1
22,2768017.250000000000000,1180832.477269999915734,1
23,2768022.850000000093132,1180837.475000000093132,1
24,2768138.625000000000000,1180834.250000000000000,1
25,2768031.577269999776036,1180840.949999999953434,1
26,2767982.797619999852031,1180839.976190000073984,1
27,2768030.750000000000000,1180848.750000000000000,1
28,2768036.120970000047237,1180851.814520000014454,1
29,2767968.000000000000000,1180852.000000000000000,1
30,2768001.489329999778420,1180853.250000000000000,1
31,2768019.767109999898821,1180861.750000000000000,1
32,2768029.250000000000000,1180866.500000000000000,1
33,2769096.053569999989122,1180894.571430000010878,1
34,2768014.483330000191927,1180900.250000000000000,1
35,2767996.330649999901652,1180913.435479999985546,1
36,2767967.685899999924004,1180919.032050000037998,1
37,2768056.791319999843836,1180923.725080000003800,1
38,2769152.789059999864548,1180936.296880000038072,1
39,2769549.656669999938458,1180954.149999999906868,1
40,2769041.750000000000000,1180956.750000000000000,1
41,2768122.175929999910295,1180968.583330000052229,1
42,2769522.127499999944121,1180966.355669999960810,1
43,2769551.438310000114143,1180972.444810000015423,1
44,2769198.151870000176132,1180990.277599999913946,1
45,2769512.728259999770671,1180995.090219999896362,1
46,2768632.625000000000000,1181014.250000000000000,1
47,2768591.659090000204742,1181089.590910000028089,1
48,2768584.500000000000000,1181097.500000000000000,1
49,2768898.930439999792725,1181182.203059999970719,1
50,2768098.375000000000000,1181201.000000000000000,1
51,2767518.991380000021309,1181197.544830000028014,1
52,2768531.439660000149161,1181222.318969999905676,1
53,2767466.093020000029355,1181213.260040000081062,1
54,2768099.750000000000000,1181230.500000000000000,1
55,2768116.653229999821633,1181234.517740000039339,1
56,2767467.875000000000000,1181236.000000000000000,1
57,2768946.916670000180602,1181244.683329999912530,1
58,2768939.889150000177324,1181280.132590000052005,1
59,2768289.875680000055581,1181295.043719999957830,1
60,2768261.783330000005662,1181299.483329999959096,1
61,2769017.840760000050068,1181309.000000000000000,1
62,2768668.375000000000000,1181313.250000000000000,1
63,2768987.250000000000000,1181318.250000000000000,1
64,2769054.711490000132471,1181324.514350000070408,1
65,2768952.688599999994040,1181334.074560000095516,1
66,2769303.250000000000000,1181368.141300000017509,1
67,2768994.000000000000000,1181371.500000000000000,1
68,2768984.398940000217408,1181382.813830000115559,1
69,2769296.797929999884218,1181376.784860000014305,1
70,2768906.983729999978095,1181382.699699999997392,1
71,2768292.531250000000000,1181393.375000000000000,1
72,2768920.681510000023991,1181408.044519999995828,1
73,2768977.000000000000000,1181410.750000000000000,1
74,2768957.861109999939799,1181426.541669999947771,1
75,2768256.250000000000000,1181432.250000000000000,1
76,2769908.202810000162572,1181432.216479999944568,1
77,2768293.635819999966770,1181438.507220000028610,1
78,2769025.311900000087917,1181451.611899999901652,1
79,2768284.738739999942482,1181449.448959999950603,1
80,2769322.581999999936670,1181448.570509999990463,1
81,2769331.265620000194758,1181457.381479999981821,1
82,2769357.909529999829829,1181448.505039999959990,1
83,2772182.613429999910295,1181475.618550000013784,1
84,2773842.018000000156462,1181501.759000000078231,1
85,2772168.843750000000000,1181520.937500000000000,1
86,2772163.637500000186265,1181527.162500000093132,1
87,2768263.133619999978691,1181543.586210000095889,1
88,2769146.739049999974668,1181544.239049999974668,1
89,2774047.000000000000000,1181562.250000000000000,1
90,2768343.000000000000000,1181575.500000000000000,1
91,2768333.500000000000000,1181579.250000000000000,1
92,2768345.000000000000000,1181591.750000000000000,1
93,2768321.281349999830127,1181594.902340000029653,1
94,2768362.062539999838918,1181600.936620000051335,1
95,2768365.955120000056922,1181603.048219999996945,1
96,2768346.371300000231713,1181603.812129999976605,1
97,2768353.557479999959469,1181608.900880000088364,1
98,2768324.363359999842942,1181614.765810000011697,1
99,2769312.162640000227839,1181615.250000000000000,1
100,2768357.037649999838322,1181618.676849999930710,1
101,2768337.757340000011027,1181623.750000000000000,1
102,2769620.014709999784827,1181626.308819999918342,1
103,2768114.702899999916553,1181623.002159999916330,1
104,2768386.171829999890178,1181632.318089999957010,1
105,2770237.187140000052750,1181638.295709999976680,1
106,2770356.294230000115931,1181639.220209999941289,1
107,2768385.462119999807328,1181646.431820000056177,1
108,2770208.384320000186563,1181647.327529999893159,1
109,2769616.000000000000000,1181657.000000000000000,1
110,2768097.019410000182688,1181642.672800000058487,1
111,2769724.189999999944121,1181662.236670000012964,1
112,2769709.661760000046343,1181663.455880000023171,1
113,2768362.421050000004470,1181661.521930000046268,1
114,2770317.000000000000000,1181665.562240000115708,1
115,2769707.000000000000000,1181665.500000000000000,1
116,2768112.007230000104755,1181668.725439999951050,1
117,2769716.000000000000000,1181670.000000000000000,1
118,2769717.803569999989122,1181675.392860000021756,1
119,2774247.821909999940544,1181677.382350000087172,1
120,2768442.283330000005662,1181706.283330000005662,1
121,2769653.750000000000000,1181710.500000000000000,1
122,2769847.429870000109076,1181694.072110000066459,1
123,2767119.981060000136495,1181720.071969999931753,1
124,2769734.000000000000000,1181718.250000000000000,1
125,2769758.482290000189096,1181727.164739999920130,1
126,2770317.382149999961257,1181735.792949999915436,1
127,2769843.198340000119060,1181765.142049999907613,1
128,2769869.793860000092536,1181770.211150000104681,1
129,2769704.125000000000000,1181777.250000000000000,1
130,2769870.509260000195354,1181790.694439999992028,1
131,2769711.199490000028163,1181791.795450000092387,1
132,2768562.086649999953806,1181795.835530000040308,1
133,2768545.653719999827445,1181812.783289999933913,1
134,2769072.598840000107884,1181843.947669999906793,1
135,2769846.625000000000000,1181841.500000000000000,1
136,2769076.228259999770671,1181851.135870000114664,1
137,2770002.875000000000000,1181862.250000000000000,1
138,2769999.500000000000000,1181870.320310000097379,1
139,2769960.625000000000000,1181872.750000000000000,1
140,2769954.716669999994338,1181874.350000000093132,1
141,2770018.778229999821633,1181872.250000000000000,1
142,2769973.586600000038743,1181863.377499999944121,1
143,2769977.375000000000000,1181877.500000000000000,1
144,2773044.250000000000000,1181876.750000000000000,1
145,2770583.469510000199080,1181901.128049999941140,1
146,2770573.691329999826849,1181910.331629999913275,1
147,2771207.923080000095069,1181953.738349999999627,1
148,2770607.492459999863058,1181955.946119999978691,1
149,2770633.914609999861568,1181966.668469999916852,1
150,2770590.985760000068694,1181969.016509999986738,1
151,2771240.883330000098795,1181974.500000000000000,1
152,2770673.698280000127852,1182005.387929999968037,1
153,2770672.409090000204742,1182021.840910000028089,1
154,2770665.125000000000000,1182026.250000000000000,1
155,2770659.752189999911934,1182042.811400000005960,1
156,2771569.500000000000000,1182061.000000000000000,1
157,2769234.741909999866039,1182061.401189999887720,1
158,2768936.000000000000000,1182093.500000000000000,1
159,2768932.750000000000000,1182098.000000000000000,1
160,2769052.533780000172555,1182147.493239999981597,1
161,2769051.000000000000000,1182150.500000000000000,1
162,2773758.211790000088513,1182170.462619999889284,1
163,2770234.389380000066012,1182188.605280000017956,1
164,2773740.875000000000000,1182208.750000000000000,1
165,2769894.750000000000000,1182223.250000000000000,1
166,2769010.726189999841154,1182320.369050000095740,1
167,2768678.500000000000000,1182356.250000000000000,1
168,2766803.320869999937713,1182415.933070000028238,1
169,2772876.318179999943823,1182437.085230000084266,1
170,2772887.286390000022948,1182449.305470000021160,1
171,2773439.263890000060201,1182470.344439999898896,1
172,2773490.750000000000000,1182494.250000000000000,1
173,2773595.352890000212938,1182498.616559999994934,1
174,2768061.407300000078976,1182580.172199999913573,1
175,2770057.367649999912828,1182597.382350000087172,1
176,2766955.429609999991953,1182597.128640000009909,1
177,2766957.975810000207275,1182601.024190000025555,1
178,2766962.897059999871999,1182600.808819999918342,1
179,2766994.000000000000000,1182607.250000000000000,1
180,2768271.923080000095069,1182611.538459999952465,1
181,2767041.462330000009388,1182610.239730000030249,1
182,2766982.974049999844283,1182613.319619999965653,1
183,2766941.889200000092387,1182612.294239999959245,1
184,2766967.619570000097156,1182625.836959999985993,1
185,2766992.875000000000000,1182628.250000000000000,1
186,2766928.358820000197738,1182631.088239999953657,1
187,2768283.064290000125766,1182632.578569999895990,1
188,2766973.377909999806434,1182635.970930000068620,1
189,2767008.783330000005662,1182637.736670000012964,1
190,2767014.777910000178963,1182642.694189999951050,1
191,2773715.750000000000000,1182659.122639999957755,1
192,2767924.205879999790341,1182689.102939999895170,1
193,2773632.000000000000000,1182698.389720000093803,1
194,2773645.169139999896288,1182702.485640000086278,1
195,2773660.712119999807328,1182708.674240000080317,1
196,2773660.455130000133067,1182715.750000000000000,1
197,2773930.000000000000000,1182730.750000000000000,1
198,2773686.132610000204295,1182739.410870000021532,1
199,2773671.235210000071675,1182753.771189999999478,1
200,2773530.540730000007898,1182826.250000000000000,1
201,2773484.079899999778718,1182832.703609999967739,1
202,2773428.299670000094920,1182840.564569999929518,1
203,2773501.720590000040829,1182845.073529999936000,1
204,2773272.852890000212938,1182845.060809999937192,1
205,2773406.000000000000000,1182845.500000000000000,1
206,2773421.250000000000000,1182848.500000000000000,1
207,2773298.378789999987930,1182851.249479999998584,1
208,2773504.642049999907613,1182850.193179999943823,1
209,2773557.450949999969453,1182851.161189999897033,1
210,2770328.500000000000000,1182863.750000000000000,1
211,2773311.384850000031292,1182860.436370000010356,1
212,2772907.039470000192523,1182866.092110000085086,1
213,2772445.000000000000000,1182868.073259999975562,1
214,2773330.625000000000000,1182865.783240000018850,1
215,2773341.915339999832213,1182869.314930000109598,1
216,2773320.036729999817908,1182866.212779999943450,1
217,2770997.430000000167638,1182888.709999999962747,1
218,2773428.000000000000000,1182887.750000000000000,1
219,2773275.876060000155121,1182910.607980000087991,1
220,2767317.570509999990463,1182922.237179999938235,1
221,2767318.071080000139773,1182930.933819999918342,1
222,2767206.965189999900758,1182941.408229999942705,1
223,2770566.694440000224859,1182943.833330000052229,1
224,2773314.315789999905974,1182944.473680000053719,1
225,2773306.088860000018030,1182932.616429999936372,1
226,2767118.625000000000000,1182951.500000000000000,1
227,2767153.883930000010878,1182957.723209999967366,1
228,2773454.625000000000000,1182958.000000000000000,1
229,2773460.750000000000000,1182959.750000000000000,1
230,2773305.292119999881834,1182959.316120000090450,1
231,2770591.671879999805242,1182964.460939999902621,1
232,2773341.875000000000000,1182950.750000000000000,1
233,2773386.070749999955297,1182966.245279999915510,1
234,2773328.697370000183582,1182973.688599999994040,1
235,2773401.750000000000000,1182976.000000000000000,1
236,2773291.919269999954849,1182984.405090000014752,1
237,2773387.500000000000000,1182990.250000000000000,1
238,2773265.649220000021160,1182994.674709999933839,1
239,2773393.824070000089705,1183008.453699999954551,1
240,2773341.559520000126213,1183012.880949999904260,1
241,2767400.816480000037700,1183068.691129999933764,1
242,2767439.863200000021607,1183074.748959999997169,1
243,2770189.340909999795258,1183079.083330000052229,1
244,2770204.166670000180602,1183082.633330000098795,1
245,2773261.000000000000000,1183083.500000000000000,1
246,2770209.780609999783337,1183086.301019999897107,1
247,2770200.500000000000000,1183090.250000000000000,1
248,2773272.540000000037253,1183089.500000000000000,1
249,2770213.715909999795258,1183094.227269999915734,1
250,2767295.807359999977052,1183101.925659999949858,1
251,2770209.633719999808818,1183109.238369999919087,1
252,2767045.469299999997020,1183111.438599999994040,1
253,2767438.924910000059754,1183110.394319999963045,1
254,2767268.262420000042766,1183118.257089999970049,1
255,2767275.006860000081360,1183116.755099999951199,1
256,2767486.717199999839067,1183134.140519999898970,1
257,2771587.000000000000000,1183143.000000000000000,1
258,2767379.042150000110269,1183140.662229999899864,1
259,2767308.991959999781102,1183144.135719999903813,1
260,2767303.505319999996573,1183147.079790000105277,1
261,2767564.546130000147969,1183138.430799999972805,1
262,2771583.667719999793917,1183147.252099999925122,1
263,2767288.656740000005811,1183145.712079999968410,1
264,2767474.519239999819547,1183132.609040000010282,1
265,2771566.977909999899566,1183155.083619999932125,1
266,2767368.528169999830425,1183165.824920000042766,1
267,2767349.497800000011921,1183165.231189999962226,1
268,2770791.491940000094473,1183169.701610000105575,1
269,2767327.174490000121295,1183165.176220000023022,1
270,2767338.848389999940991,1183169.753070000093430,1
271,2770430.305559999775141,1183180.069439999992028,1
272,2770445.290539999958128,1183178.032899999991059,1
273,2771519.543159999884665,1183201.552840000018477,1
274,2771108.875000000000000,1183205.000000000000000,1
275,2767329.671050000004470,1183245.539469999959692,1
276,2770769.602940000128001,1183250.176470000064000,1
277,2767572.192989999894053,1183252.854109999956563,1
278,2770427.250000000000000,1183263.750000000000000,1
279,2767549.991380000021309,1183281.681030000094324,1
280,2767606.669300000183284,1183304.239169999957085,1
281,2770611.679010000079870,1183309.347980000078678,1
282,2767589.570280000101775,1183308.590839999960735,1
283,2768122.073530000168830,1183316.867649999912828,1
284,2768249.989130000118166,1183316.945649999892339,1
285,2767610.740000000223517,1183315.724230000050738,1
286,2767559.302379999775440,1183317.368349999887869,1
287,2767586.843210000079125,1183324.218949999893084,1
288,2767521.250000000000000,1183325.500000000000000,1
289,2767560.112889999989420,1183325.349260000046343,1
290,2768186.673909999895841,1183327.315219999989495,1
291,2768099.505319999996573,1183335.718090000096709,1
292,2767569.549149999860674,1183337.698719999985769,1
293,2768089.250000000000000,1183335.000000000000000,1
294,2767541.987149999942631,1183333.056799999903888,1
295,2768077.500000000000000,1183342.500000000000000,1
296,2768231.000000000000000,1183344.695310000097379,1
297,2768072.770000000018626,1183346.489999999990687,1
298,2768043.512500000186265,1183347.712499999906868,1
299,2767997.500000000000000,1183358.500000000000000,1
300,2768010.000000000000000,1183364.500000000000000,1
301,2768109.875000000000000,1183364.750000000000000,1
302,2768192.125000000000000,1183367.250000000000000,1
303,2768118.228259999770671,1183367.923909999895841,1
304,2767480.854710000101477,1183372.764660000102594,1
305,2768005.531799999997020,1183376.452879999997094,1
306,2767512.465859999880195,1183389.415430000051856,1
307,2768067.774999999906868,1183393.512499999953434,1
308,2767486.979509999975562,1183401.463109999895096,1
309,2768065.549999999813735,1183402.338890000013635,1
310,2767498.430949999950826,1183402.007139999885112,1
311,2768116.768519999925047,1183400.276940000010654,1
312,2768140.512159999925643,1183398.940540000097826,1
313,2767514.386359999887645,1183406.659089999971911,1
314,2768019.562500000000000,1183404.306249999906868,1
315,2768197.424999999813735,1183411.425000000046566,1
316,2767561.384020000230521,1183429.043809999944642,1
317,2767454.899100000038743,1183426.011440000031143,1
318,2767452.147590000182390,1183436.834340000059456,1
319,2768253.250000000000000,1183438.750000000000000,1
320,2771908.006909999996424,1183441.720840000081807,1
321,2768258.784949999768287,1183448.881719999946654,1
322,2768279.750000000000000,1183444.500000000000000,1
323,2767451.151990000158548,1183447.159470000071451,1
324,2767474.307579999789596,1183460.978550000116229,1
325,2773618.210570000112057,1183461.640339999925345,1
326,2770963.500000000000000,1183467.500000000000000,1
327,2767497.182450000196695,1183463.145109999924898,1
328,2767485.967790000140667,1183484.215259999968112,1
329,2767613.602169999852777,1183490.094909999985248,1
330,2771946.535709999967366,1183492.869050000095740,1
331,2772028.382530000060797,1183498.719879999989644,1
332,2773579.863750000018626,1183502.195449999999255,1
333,2771102.562500000000000,1183501.850000000093132,1
334,2767578.317869999911636,1183501.379510000115260,1
335,2767610.583699999842793,1183509.750000000000000,1
336,2773204.899499999824911,1183515.806460000108927,1
337,2773636.552329999860376,1183516.337210000026971,1
338,2767625.374170000199229,1183519.699500000104308,1
339,2771110.583329999819398,1183543.714290000032634,1
340,2771760.098209999967366,1183546.410709999967366,1
341,2767676.992860000114888,1183581.664289999986067,1
342,2773201.750000000000000,1183616.000000000000000,1
343,2767642.696810000110418,1183644.452130000106990,1
344,2771248.795450000092387,1183667.363640000112355,1
345,2771354.953949999995530,1183671.523030000040308,1
346,2767768.850000000093132,1183699.221429999917746,1
347,2771762.382540000136942,1183716.264889999991283,1
348,2771491.375000000000000,1183730.750000000000000,1
349,2773792.250000000000000,1183731.821430000010878,1
350,2770569.539770000148565,1183739.761359999887645,1
351,2773785.750000000000000,1183742.500000000000000,1
352,2767933.705589999910444,1183746.407889999914914,1
353,2772162.875000000000000,1183768.283330000005662,1
354,2768667.125000000000000,1183834.500000000000000,1
355,2773681.000000000000000,1183840.500000000000000,1
356,2773681.866669999901205,1183846.141670000040904,1
357,2773748.762500000186265,1183856.350000000093132,1
358,2768664.889779999852180,1183858.131719999946654,1
359,2773673.609860000200570,1183859.125430000014603,1
360,2767900.750000000000000,1183863.500000000000000,1
361,2767881.750000000000000,1183865.250000000000000,1
362,2773704.712960000149906,1183865.080250000115484,1
363,2772338.500000000000000,1183868.750000000000000,1
364,2768696.211170000024140,1183871.138349999906495,1
365,2770633.250000000000000,1183875.000000000000000,1
366,2767974.375000000000000,1183876.250000000000000,1
367,2767945.366069999989122,1183875.352680000010878,1
368,2767920.104199999943376,1183874.059480000054464,1
369,2773731.323199999984354,1183878.711260000010952,1
370,2768882.925439999904484,1183917.539469999959692,1
371,2770499.148440000135452,1183918.933590000029653,1
372,2773739.750000000000000,1183917.500000000000000,1
373,2767812.750000000000000,1183927.500000000000000,1
374,2767640.388890000060201,1183927.953699999954551,1
375,2767894.713270000182092,1183926.543880000011995,1
376,2768313.910000000149012,1183936.510000000009313,1
377,2768319.433819999918342,1183936.242649999912828,1
378,2768223.750000000000000,1183951.000000000000000,1
379,2768370.750000000000000,1183958.500000000000000,1
380,2768219.379029999952763,1183960.314520000014454,1
381,2774018.944440000224859,1183963.138890000060201,1
382,2771811.229210000019521,1183963.305810000048950,1
383,2768192.250000000000000,1183967.250000000000000,1
384,2768362.471909999847412,1183966.665730000007898,1
385,2768219.000000000000000,1183965.000000000000000,1
386,2768217.950000000186265,1183978.600000000093132,1
387,2768271.102589999791235,1183972.059429999906570,1
388,2768219.000000000000000,1183986.000000000000000,1
389,2772347.750000000000000,1183985.000000000000000,1
390,2772371.984689999837428,1183987.780610000016168,1
391,2772364.750000000000000,1183990.250000000000000,1
392,2768169.282790000084788,1184001.453019999898970,1
393,2768156.725300000049174,1183999.544590000063181,1
394,2767817.729999999981374,1184008.520000000018626,1
395,2768187.006860000081360,1184009.806120000081137,1
396,2768081.603380000218749,1184020.801380000077188,1
397,2768065.980769999790937,1184025.224360000109300,1
398,2772359.000000000000000,1184022.750000000000000,1
399,2768066.636359999887645,1184028.886359999887645,1
400,2768292.091669999994338,1184032.074999999953434,1
401,2768051.625000000000000,1184030.500000000000000,1
402,2768872.555970000103116,1184029.080019999993965,1
403,2768103.715909999795258,1184040.261359999887645,1
404,2768272.750000000000000,1184043.229620000114664,1
405,2768070.125000000000000,1184048.000000000000000,1
406,2767838.057690000161529,1184057.544870000099763,1
407,2767793.908330000005662,1184067.100000000093132,1
408,2768055.459999999962747,1184075.750000000000000,1
409,2767882.020829999819398,1184081.131939999992028,1
410,2767820.463239999953657,1184086.580880000023171,1
411,2767835.472219999879599,1184096.904880000045523,1
412,2767819.227270000148565,1184099.214290000032634,1
413,2767892.580360000021756,1184104.571430000010878,1
414,2772374.086959999985993,1184106.815219999989495,1
415,2768019.500000000000000,1184102.000000000000000,1
416,2772368.083329999819398,1184109.149999999906868,1
417,2767852.051080000121146,1184106.223119999980554,1
418,2767869.602560000028461,1184109.525639999890700,1
419,2772387.059729999862611,1184111.595130000030622,1
420,2768208.539470000192523,1184120.250000000000000,1
421,2767943.907139999791980,1184119.907140000024810,1
422,2767791.011539999861270,1184120.773079999955371,1
423,2767802.827320000156760,1184122.440720000071451,1
424,2772384.076919999904931,1184123.418800000101328,1
425,2768081.000000000000000,1184129.000000000000000,1
426,2767800.526320000179112,1184128.368419999955222,1
427,2774140.000000000000000,1184127.000000000000000,1
428,2767901.369640000164509,1184117.575620000017807,1
429,2767900.576919999904931,1184131.269229999976233,1
430,2767817.098480000160635,1184130.257579999975860,1
431,2767788.877909999806434,1184132.645349999889731,1
432,2768081.625000000000000,1184132.750000000000000,1
433,2767811.750000000000000,1184135.500000000000000,1
434,2767833.611789999995381,1184134.888210000004619,1
435,2767967.982559999916703,1184135.738369999919087,1
436,2768007.772470000199974,1184132.879209999926388,1
437,2767800.750000000000000,1184136.250000000000000,1
438,2767961.071430000010878,1184140.794639999978244,1
439,2768052.360960000194609,1184142.600679999915883,1
440,2768200.625000000000000,1184148.250000000000000,1
441,2767812.853899999987334,1184145.922079999931157,1
442,2767836.397059999871999,1184146.921570000005886,1
443,2767925.780489999800920,1184149.225610000081360,1
444,2768129.189189999829978,1184151.972970000002533,1
445,2767819.275390000082552,1184160.801750000100583,1
446,2768060.991069999989122,1184167.625000000000000,1
447,2768020.143620000220835,1184167.356380000011995,1
448,2768162.200000000186265,1184176.987500000046566,1
449,2767884.879929999820888,1184178.249060000060126,1
450,2767954.741690000053495,1184176.729220000095665,1
451,2768063.125000000000000,1184183.250000000000000,1
452,2768151.229309999849647,1184183.098280000034720,1
453,2767814.810709999874234,1184182.313259999966249,1
454,2767918.144919999875128,1184180.686639999970794,1
455,2767823.978920000139624,1184187.177709999959916,1
456,2768023.347939999774098,1184195.971649999963120,1
457,2767970.357460000086576,1184199.645809999899939,1
458,2767959.216049999929965,1184202.706789999967441,1
459,2768141.651519999839365,1184207.909089999971911,1
460,2769189.375000000000000,1184209.750000000000000,1
461,2767917.656250000000000,1184209.335939999902621,1
462,2767960.899999999906868,1184210.324999999953434,1
463,2772992.000000000000000,1184216.500000000000000,1
464,2768215.280489999800920,1184217.128049999941140,1
465,2768345.600469999946654,1184217.063079999992624,1
466,2767909.153229999821633,1184217.465540000004694,1
467,2767976.369049999862909,1184223.714290000032634,1
468,2767945.535070000216365,1184214.707299999892712,1
469,2768127.842110000085086,1184232.802630000049248,1
470,2768283.259800000116229,1184234.132350000087172,1
471,2768253.547830000054091,1184229.152990000089630,1
472,2767961.625000000000000,1184236.750000000000000,1
473,2771848.016669999808073,1184242.527779999887571,1
474,2768247.132350000087172,1184247.044119999976829,1
475,2767912.660259999800473,1184260.057689999928698,1
476,2768250.266129999887198,1184267.588710000040010,1
477,2768086.962780000176281,1184268.618789999978617,1
478,2768267.529569999780506,1184269.733870000112802,1
479,2768208.875000000000000,1184276.000000000000000,1
480,2768247.750000000000000,1184286.000000000000000,1
481,2768191.782259999774396,1184291.766129999887198,1
482,2768230.103660000022501,1184288.823169999988750,1
483,2768239.160550000146031,1184297.142199999885634,1
484,2771246.575000000186265,1184306.524999999906868,1
485,2768244.267539999913424,1184309.074560000095516,1
486,2768237.291670000180602,1184316.250000000000000,1
487,2769085.750000000000000,1184321.250000000000000,1
488,2768212.500000000000000,1184324.250000000000000,1
489,2768191.147439999971539,1184331.839739999966696,1
490,2768206.319999999832362,1184343.750000000000000,1
491,2768155.448309999890625,1184357.158850000007078,1
492,2775110.750000000000000,1184357.250000000000000,1
493,2769835.228759999852628,1184363.204309999942780,1
494,2768330.750000000000000,1184380.500000000000000,1
495,2769848.835529999807477,1184381.336790000088513,1
496,2768497.350000000093132,1184386.929999999934807,1
497,2768491.975810000207275,1184391.470429999986663,1
498,2768597.972219999879599,1184394.324070000089705,1
499,2768240.968770000152290,1184399.083959999959916,1
500,2768172.844659999944270,1184400.033980000065640,1
501,2769864.158799999859184,1184399.527639999985695,1
502,2775077.250000000000000,1184421.500000000000000,1
503,2769864.468809999991208,1184417.708289999980479,1
504,2769447.997609999962151,1184451.151529999915510,1
505,2769429.600550000090152,1184451.112280000001192,1
506,2768189.549999999813735,1184469.600000000093132,1
507,2769852.875000000000000,1184475.000000000000000,1
508,2772039.192309999838471,1184476.500000000000000,1
509,2769760.438839999958873,1184478.705379999941215,1
510,2769862.250000000000000,1184484.750000000000000,1
511,2772540.361109999939799,1184500.833330000052229,1
512,2769886.250000000000000,1184498.161760000046343,1
513,2769822.413459999952465,1184520.581729999976233,1
514,2769814.189389999955893,1184523.583330000052229,1
515,2769841.876470000017434,1184520.066360000055283,1
516,2774752.472219999879599,1184531.027779999887571,1
517,2769824.800640000030398,1184530.062979999929667,1
518,2774747.515850000083447,1184527.110980000114068,1
519,2769842.271319999825209,1184546.203669999958947,1
520,2768681.953699999954551,1184552.842590000014752,1
521,2768702.557690000161529,1184553.903849999886006,1
522,2769851.067569999955595,1184562.628139999927953,1
523,2769804.323969999793917,1184562.393840000033379,1
524,2769849.039580000098795,1184573.077860000077635,1
525,2769845.603839999996126,1184584.128929999889806,1
526,2772739.500000000000000,1184600.500000000000000,1
527,2772108.132350000087172,1184624.161760000046343,1
528,2769574.000000000000000,1184644.250000000000000,1
529,2768547.233779999893159,1184668.064509999938309,1
530,2768643.226509999949485,1184669.929550000000745,1
531,2769049.712369999848306,1184669.104839999927208,1
532,2774939.824390000198036,1184673.876560000004247,1
533,2774929.374499999918044,1184697.812320000026375,1
534,2768616.945309999864548,1184705.226560000097379,1
535,2772836.750000000000000,1184742.000000000000000,1
536,2768863.234999999869615,1184751.050000000046566,1
537,2769755.125000000000000,1184755.250000000000000,1
538,2768666.455879999790341,1184757.250000000000000,1
539,2769734.970559999812394,1184813.142190000042319,1
540,2769656.992329999804497,1184820.846820000093430,1
541,2769131.903849999886006,1184825.913459999952465,1
542,2775448.428950000088662,1184828.020610000006855,1
543,2775442.744560000021011,1184828.093929999973625,1
544,2769729.000000000000000,1184830.500000000000000,1
545,2769786.500000000000000,1184830.000000000000000,1
546,2769151.093750000000000,1184831.812500000000000,1
547,2769747.125000000000000,1184829.750000000000000,1
548,2769717.092819999903440,1184836.810939999995753,1
549,2768833.000000000000000,1184840.555560000007972,1
550,2769135.781250000000000,1184849.177080000052229,1
551,2774953.666670000180602,1184851.388890000060201,1
552,2774303.111109999939799,1184857.111109999939799,1
553,2774190.875000000000000,1184865.256939999992028,1
554,2775204.875000000000000,1184877.750000000000000,1
555,2774031.439999999944121,1184882.860000000102445,1
556,2775933.750000000000000,1184888.750000000000000,1
557,2775162.627739999908954,1184891.870390000054613,1
558,2768940.274590000044554,1184892.618849999969825,1
559,2769675.625000000000000,1184897.750000000000000,1
560,2769119.374460000079125,1184892.965109999990091,1
561,2769727.125000000000000,1184904.750000000000000,1
562,2768956.940369999967515,1184902.185779999941587,1
563,2769671.125000000000000,1184907.500000000000000,1
564,2768945.660449999850243,1184907.473879999946803,1
565,2769674.750000000000000,1184909.000000000000000,1
566,2769676.659080000128597,1184915.526159999892116,1
567,2769709.971299999859184,1184920.037599999923259,1
568,2769649.750000000000000,1184922.750000000000000,1
569,2772610.769129999913275,1184921.722679999889806,1
570,2769693.673080000095069,1184926.814100000075996,1
571,2772932.768519999925047,1184927.425929999910295,1
572,2770498.222219999879599,1184928.861109999939799,1
573,2774481.931210000067949,1184929.538590000011027,1
574,2775332.690909999888390,1184935.250000000000000,1
575,2774324.000000000000000,1184938.250000000000000,1
576,2768972.750000000000000,1184939.250000000000000,1
577,2774292.715520000085235,1184944.336210000095889,1
578,2774359.750000000000000,1184948.750000000000000,1
579,2770688.089999999850988,1184961.409999999916181,1
580,2773136.796029999852180,1184981.180159999988973,1
581,2770976.450000000186265,1184990.989999999990687,1
582,2773064.333329999819398,1184993.416669999947771,1
583,2773122.783079999964684,1184990.554350000107661,1
584,2770977.500000000000000,1184998.000000000000000,1
585,2773156.485679999925196,1184992.142449999926612,1
586,2774292.120970000047237,1184999.395160000072792,1
587,2773016.500000000000000,1184999.500000000000000,1
588,2773120.750000000000000,1185003.250000000000000,1
589,2769104.776970000006258,1185007.733580000000075,1
590,2773016.886359999887645,1185009.946969999931753,1
591,2769123.680470000021160,1185015.638049999950454,1
592,2770973.500000000000000,1185014.000000000000000,1
593,2774105.333329999819398,1185026.416669999947771,1
594,2774060.250000000000000,1185026.750000000000000,1
595,2774122.632129999808967,1185029.278050000080839,1
596,2774102.659090000204742,1185040.863640000112355,1
597,2769139.620500000193715,1185040.415469999890774,1
598,2774054.083329999819398,1185044.365380000090227,1
599,2769124.996340000070632,1185039.141779999947175,1
600,2769145.466669999994338,1185052.816670000087470,1
601,2774052.575000000186265,1185052.491669999901205,1
602,2774348.960529999807477,1185060.013160000089556,1
603,2769484.169350000098348,1185063.524190000025555,1
604,2769580.997789999935776,1185060.703539999900386,1
605,2769491.875000000000000,1185063.743590000085533,1
606,2774329.004509999882430,1185070.570490000071004,1
607,2774547.572920000180602,1185070.250000000000000,1
608,2774332.630950000137091,1185073.345239999936894,1
609,2769182.390000000130385,1185074.050000000046566,1
610,2773979.926469999831170,1185078.779409999959171,1
611,2771294.250000000000000,1185081.250000000000000,1
612,2769505.125000000000000,1185079.750000000000000,1
613,2774335.226189999841154,1185088.511900000041351,1
614,2772689.019230000209063,1185091.461540000047535,1
615,2774487.476720000151545,1185091.486389999976382,1
616,2769505.295169999822974,1185090.013869999907911,1
617,2774189.625000000000000,1185100.750000000000000,1
618,2769507.318179999943823,1185107.568179999943823,1
619,2775261.500000000000000,1185111.000000000000000,1
620,2768561.859989999793470,1185114.650140000041574,1
621,2769169.375000000000000,1185119.250000000000000,1
622,2769142.486839999910444,1185122.276319999946281,1
623,2768883.437500000000000,1185134.515630000038072,1
624,2774033.503250000067055,1185133.094160000095144,1
625,2769575.946260000113398,1185133.128500000108033,1
626,2774560.663790000136942,1185146.362070000031963,1
627,2769587.070979999843985,1185141.191060000099242,1
628,2770451.750000000000000,1185151.000000000000000,1
629,2768897.694440000224859,1185161.305560000007972,1
630,2774588.853850000072271,1185161.698080000001937,1
631,2770487.879629999864846,1185168.546300000045449,1
632,2774037.079789999872446,1185179.579790000105277,1
633,2770520.125000000000000,1185186.750000000000000,1
634,2770565.181820000056177,1185186.750000000000000,1
635,2774180.621429999824613,1185194.492860000114888,1
636,2769455.988539999816567,1185206.541710000019521,1
637,2768650.532610000111163,1185271.336959999985993,1
638,2774018.166670000180602,1185281.179819999961182,1
639,2774026.815789999905974,1185286.197369999950752,1
640,2774016.861109999939799,1185290.083330000052229,1
641,2769455.509999999776483,1185294.639999999897555,1
642,2774098.250000000000000,1185327.221630000043660,1
643,2774587.750000000000000,1185321.750000000000000,1
644,2774579.750000000000000,1185332.000000000000000,1
645,2774576.402780000120401,1185335.763890000060201,1
646,2769254.750000000000000,1185337.000000000000000,1
647,2770635.500000000000000,1185338.500000000000000,1
648,2774596.000000000000000,1185332.250000000000000,1
649,2774067.750000000000000,1185376.250000000000000,1
650,2769166.684779999777675,1185383.315219999989495,1
651,2769143.959480000194162,1185381.117829999886453,1
652,2774065.583329999819398,1185400.583330000052229,1
653,2768711.228939999826252,1185411.750000000000000,1
654,2773261.633619999978691,1185411.615909999934956,1
655,2773249.750000000000000,1185415.222220000112429,1
656,2773261.363640000112355,1185421.545450000092387,1
657,2774649.355260000098497,1185429.013160000089556,1
658,2773275.080490000080317,1185437.237230000086129,1
659,2773251.727270000148565,1185442.272730000084266,1
660,2774033.143939999863505,1185442.537879999959841,1
661,2769170.799209999851882,1185444.031299999915063,1
662,2773244.292289999779314,1185442.337060000048950,1
663,2769043.500880000181496,1185442.584809999912977,1
664,2773286.399209999945015,1185450.657820000080392,1
665,2769234.375000000000000,1185451.750000000000000,1
666,2773250.161110000219196,1185450.266670000040904,1
667,2769055.423390000127256,1185451.088710000040010,1
668,2773234.000000000000000,1185450.500000000000000,1
669,2773284.256709999870509,1185461.525089999893680,1
670,2773251.704549999907613,1185461.729019999969751,1
671,2773249.431820000056177,1185469.000000000000000,1
672,2774589.455879999790341,1185474.367649999912828,1
673,2769223.850000000093132,1185480.912500000093132,1
674,2769936.809520000126213,1185490.940480000106618,1
675,2773193.750000000000000,1185494.250000000000000,1
676,2769079.778729999903589,1185512.835359999909997,1
677,2769961.822819999884814,1185540.248059999896213,1
678,2770027.000000000000000,1185564.250000000000000,1
679,2774545.750000000000000,1185564.500000000000000,1
680,2770047.875000000000000,1185575.750000000000000,1
681,2769919.200499999802560,1185578.928219999885187,1
682,2770065.941860000137240,1185584.720930000068620,1
683,2770046.943549999967217,1185588.104839999927208,1
684,2769920.602940000128001,1185589.455880000023171,1
685,2769666.771190000232309,1185613.139830000000075,1
686,2773822.500000000000000,1185635.250000000000000,1
687,2771669.477270000148565,1185637.704549999907613,1
688,2776825.500000000000000,1185663.250000000000000,1
689,2769932.000000000000000,1185667.500000000000000,1
690,2774277.338889999780804,1185676.827779999934137,1
691,2774284.780300000216812,1185680.568179999943823,1
692,2769936.976460000034422,1185676.230939999921247,1
693,2774538.892860000021756,1185684.464290000032634,1
694,2774311.875000000000000,1185686.000000000000000,1
695,2773370.500000000000000,1185683.250000000000000,1
696,2774271.250000000000000,1185690.916669999947771,1
697,2773360.500000000000000,1185692.831229999894276,1
698,2774530.530300000216812,1185698.562500000000000,1
699,2774394.402089999988675,1185705.071930000092834,1
700,2776848.000000000000000,1185709.500000000000000,1
701,2774531.533780000172555,1185709.587839999934658,1
702,2773378.403510000091046,1185722.697369999950752,1
703,2769880.240290000103414,1185753.308250000001863,1
704,2769817.326090000104159,1185750.526090000057593,1
705,2769894.374559999909252,1185762.346489999908954,1
706,2777004.544699999969453,1185766.154580000089481,1
707,2769724.250000000000000,1185776.750000000000000,1
708,2774390.854809999931604,1185780.764160000020638,1
709,2774388.500000000000000,1185787.750000000000000,1
710,2776827.766669999808073,1185789.811109999893233,1
711,2774239.781909999903291,1185797.388299999991432,1
712,2776832.750000000000000,1185797.297169999917969,1
713,2774247.939840000122786,1185798.267960000084713,1
714,2774378.506879999767989,1185795.676609999965876,1
715,2774278.854960000142455,1185802.861980000045151,1
716,2777015.737749999854714,1185809.431929999962449,1
717,2776765.339290000032634,1185806.339290000032634,1
718,2776814.750000000000000,1185812.000000000000000,1
719,2777048.522619999945164,1185815.394859999883920,1
720,2774342.230500000063330,1185821.500000000000000,1
721,2774798.250000000000000,1185835.250000000000000,1
722,2775079.305559999775141,1185837.111109999939799,1
723,2769874.504310000222176,1185859.715520000085235,1
724,2769839.321299999952316,1185850.160459999926388,1
725,2776265.831819999963045,1185899.068179999943823,1
726,2776775.409789999946952,1185900.783650000113994,1
727,2770097.266669999808073,1185906.483329999959096,1
728,2770085.489360000006855,1185906.308509999886155,1
729,2770038.292609999887645,1185906.544029999990016,1
730,2770085.910709999967366,1185913.321430000010878,1
731,2770186.793099999893457,1185912.956900000106543,1
732,2776767.245730000082403,1185914.959610000019893,1
733,2770057.000000000000000,1185918.750000000000000,1
734,2770071.312500000000000,1185918.364580000052229,1
735,2770051.906159999780357,1185914.771489999955520,1
736,2776729.753239999990910,1185921.532309999922290,1
737,2770066.071430000010878,1185924.595239999936894,1
738,2777089.952200000174344,1185925.195449999999255,1
739,2770070.986839999910444,1185925.144739999901503,1
740,2770085.961269999854267,1185925.757040000054985,1
741,2774522.220590000040829,1185927.250000000000000,1
742,2769978.777780000120401,1185927.888890000060201,1
743,2770034.850000000093132,1185927.933329999912530,1
744,2776757.384829999879003,1185926.895010000094771,1
745,2774530.447670000139624,1185927.961240000091493,1
746,2770091.000000000000000,1185929.000000000000000,1
747,2770142.389709999784827,1185930.408090000040829,1
748,2770124.926469999831170,1185933.205880000023171,1
749,2774499.912500000093132,1185933.175000000046566,1
750,2770189.361109999939799,1185934.277779999887571,1
751,2770051.182200000155717,1185934.334749999921769,1
752,2769985.943510000128299,1185931.952460000058636,1
753,2774525.215520000085235,1185936.497130000032485,1
754,2774504.750000000000000,1185938.875000000000000,1
755,2770000.701309999916703,1185936.967339999973774,1
756,2770071.839740000199527,1185940.570509999990463,1
757,2774272.580310000106692,1185941.531650000018999,1
758,2770213.022989999968559,1185937.477010000031441,1
759,2770053.250000000000000,1185944.000000000000000,1
760,2769909.709729999769479,1185940.323829999892041,1
761,2774270.718750000000000,1185945.375000000000000,1
762,2770188.938889999873936,1185944.927780000027269,1
763,2770214.837720000185072,1185946.627189999911934,1
764,2774463.861109999939799,1185949.046300000045449,1
765,2774486.750000000000000,1185949.632350000087172,1
766,2769984.120370000135154,1185949.972220000112429,1
767,2770140.960529999807477,1185951.399119999958202,1
768,2769998.625000000000000,1185955.750000000000000,1
769,2770169.000000000000000,1185941.750000000000000,1
770,2770010.127780000213534,1185960.261110000079498,1
771,2774858.666670000180602,1185969.071430000010878,1
772,2770128.678569999989122,1185955.514849999919534,1
773,2769603.142659999895841,1185972.227399999974295,1
774,2775001.477270000148565,1185982.159089999971911,1
775,2774984.500000000000000,1185983.000000000000000,1
776,2776722.847020000219345,1185983.301070000045002,1
777,2769996.291879999917001,1185983.467010000022128,1
778,2777206.865129999816418,1185990.262700000079349,1
779,2774994.750000000000000,1185997.500000000000000,1
780,2776721.017210000194609,1186000.004699999932200,1
781,2774832.405540000181645,1186000.342480000108480,1
782,2773207.000000000000000,1186014.000000000000000,1
783,2769959.449440000113100,1186017.873600000049919,1
784,2769963.589999999850988,1186032.611670000012964,1
785,2774248.759620000142604,1186040.980770000023767,1
786,2774700.181030000094324,1186047.605440000072122,1
787,2774016.877359999809414,1186051.561320000095293,1
788,2774038.241069999989122,1186059.223209999967366,1
789,2772875.464290000032634,1186085.392860000021756,1
790,2774225.125000000000000,1186108.250000000000000,1
791,2770664.996749999932945,1186118.698050000006333,1
792,2777226.752270000055432,1186123.235589999938384,1
793,2774740.560339999850839,1186171.405169999925420,1
794,2775101.816670000087470,1186180.472220000112429,1
795,2775109.750000000000000,1186187.250000000000000,1
796,2774204.850000000093132,1186210.600000000093132,1
797,2775009.250000000000000,1186209.000000000000000,1
798,2774989.331400000024587,1186230.110469999955967,1
799,2772917.059520000126213,1186233.345239999936894,1
800,2775078.750000000000000,1186235.000000000000000,1
801,2774092.434379999991506,1186253.039210000075400,1
802,2772923.420729999896139,1186274.420729999896139,1
803,2772925.302629999816418,1186283.065789999905974,1
804,2774926.966669999994338,1186297.966669999994338,1
805,2772927.950660000089556,1186298.759869999950752,1
806,2773718.076799999922514,1186313.300680000102147,1
807,2772931.131719999946654,1186317.459680000087246,1
808,2773701.187500000000000,1186327.156250000000000,1
809,2777176.646590000018477,1186331.983939999947324,1
810,2774799.514709999784827,1186338.867649999912828,1
811,2774768.642860000021756,1186341.285709999967366,1
812,2777147.595670000184327,1186349.507239999948069,1
813,2777154.260189999826252,1186379.999180000042543,1
814,2774049.098360000178218,1186389.888460000045598,1
815,2773469.845240000169724,1186391.845239999936894,1
816,2777127.677500000223517,1186398.697489999933168,1
817,2775296.500000000000000,1186400.829170000040904,1
818,2774026.284479999914765,1186406.077589999884367,1
819,2774026.549999999813735,1186410.850000000093132,1
820,2775127.148940000217408,1186406.620210000080988,1
821,2772964.166869999840856,1186414.587469999911264,1
822,2774050.018159999977797,1186417.537710000062361,1
823,2773175.535709999967366,1186430.369050000095740,1
824,2774037.250000000000000,1186431.250000000000000,1
825,2772141.950000000186265,1186439.383330000098795,1
826,2775165.681929999962449,1186442.138590000104159,1
827,2774022.478089999873191,1186443.633009999990463,1
828,2772971.025510000064969,1186443.811220000032336,1
829,2775178.283849999774247,1186448.502809999976307,1
830,2774024.532250000163913,1186448.000000000000000,1
831,2774825.250000000000000,1186448.620709999930114,1
832,2774037.375000000000000,1186454.500000000000000,1
833,2775230.668289999943227,1186463.614499999908730,1
834,2775063.750000000000000,1186482.000000000000000,1
835,2775056.989130000118166,1186487.076090000104159,1
836,2775030.625000000000000,1186495.250000000000000,1
837,2775082.705420000012964,1186500.698850000044331,1
838,2774010.714060000143945,1186504.741780000040308,1
839,2775031.819440000224859,1186504.430560000007972,1
840,2775082.214290000032634,1186534.364289999939501,1
841,2774997.429750000126660,1186544.244579999940470,1
842,2775090.283840000163764,1186545.462409999920055,1
843,2774942.850000000093132,1186548.350000000093132,1
844,2772985.127780000213534,1186547.894439999945462,1
845,2774346.657139999791980,1186572.565389999886975,1
846,2775101.000000000000000,1186577.250000000000000,1
847,2775053.625000000000000,1186582.000000000000000,1
848,2772983.098040000069886,1186582.813730000052601,1
849,2773954.625000000000000,1186584.250000000000000,1
850,2774980.063130000140518,1186611.693200000096112,1
851,2774343.000000000000000,1186627.027779999887571,1
852,2775691.039729999843985,1186659.860120000084862,1
853,2772994.486200000159442,1186762.884970000013709,1
854,2773011.498689999803901,1186792.315450000111014,1
855,2773014.472219999879599,1186803.675929999910295,1
856,2772993.107559999916703,1186813.256640000035986,1
857,2774505.000000000000000,1186863.250000000000000,1
858,2775675.232760000042617,1186874.836210000095889,1
859,2774757.750000000000000,1186913.750000000000000,1
860,2774739.447180000133812,1186954.355629999889061,1
861,2774064.500000000000000,1186968.856159999966621,1
862,2774047.576090000104159,1186991.286229999968782,1
863,2775784.549999999813735,1186994.064289999892935,1
864,2774000.880830000154674,1187011.206830000039190,1
865,2774039.126149999909103,1187015.566510000033304,1
866,2775463.108800000045449,1187020.576709999935701,1
867,2774000.644739999901503,1187030.000290000112727,1
868,2774005.500000000000000,1187031.500000000000000,1
869,2773358.250769999809563,1187047.143759999889880,1
870,2773367.133330000098795,1187050.366669999901205,1
871,2773387.241069999989122,1187057.848209999967366,1
872,2775209.947670000139624,1187075.505810000002384,1
873,2775222.298390000127256,1187090.153230000054464,1
874,2773390.410470000002533,1187092.736049999948591,1
875,2773831.500000000000000,1187178.750000000000000,1
876,2773132.406250000000000,1187370.781250000000000,1
877,2773123.194440000224859,1187372.379630000097677,1
878,2773127.750000000000000,1187379.500000000000000,1
879,2773112.705879999790341,1187380.147060000104830,1
880,2774158.747219999786466,1187468.735970000037923,1
881,2773087.215909999795258,1187473.875000000000000,1
882,2772061.092110000085086,1187518.934210000094026,1
883,2772810.656270000152290,1187516.993340000044554,1
884,2772066.125000000000000,1187522.949999999953434,1
885,2772066.250000000000000,1187529.000000000000000,1
886,2772069.375000000000000,1187541.000000000000000,1
887,2772334.717740000225604,1187574.879029999952763,1
888,2773443.897290000226349,1187616.482559999916703,1
889,2773455.250000000000000,1187624.750000000000000,1
890,2773449.950509999878705,1187638.968270000070333,1
891,2773417.750000000000000,1187654.500000000000000,1
892,2773420.678569999989122,1187658.589290000032634,1
893,2773475.273630000185221,1187662.887140000006184,1
894,2773553.701410000212491,1187747.500000000000000,1
895,2773575.487910000141710,1187798.918880000011995,1