FID,x,y,lslpts
0,2633305.472970000002533,1206659.539709999924526,0
1,2630745.746350000146776,1210909.222390000009909,0
2,2632379.870389999821782,1208742.502020000014454,0
3,2632250.329499999992549,1208709.873410000000149,0
4,2631661.000560000073165,1209527.966729999985546,0
5,2629997.383820000104606,1211571.121590000111610,0
6,2633181.347910000011325,1210010.485199999995530,0
7,2633510.916439999826252,1208003.188520000083372,0
8,2633107.017640000209212,1210247.151180000044405,0
9,2632142.139979999978095,1208557.294169999891892,0
10,2628306.472899999935180,1211050.276959999930114,0
11,2630768.580610000062734,1209029.347749999957159,0
12,2634316.232450000010431,1207138.169460000004619,0
13,2632576.132139999885112,1208526.705310000106692,0
14,2633231.940679999999702,1210067.220969999907538,0
15,2633397.835369999986142,1209499.542499999981374,0
16,2632281.825069999787956,1208995.263180000009015,0
17,2629714.496270000003278,1211451.824969999957830,0
18,2630476.814449999947101,1211009.242139999987558,0
19,2630373.916300000157207,1210061.169609999982640,0
20,2633223.137500000186265,1209786.877270000055432,0
21,2629233.162239999976009,1210987.970250000013039,0
22,2630828.941699999850243,1211340.826970000052825,0
23,2629443.405300000216812,1211187.598299999954179,0
24,2632139.751139999832958,1210757.084680000087246,0
25,2632874.171959999948740,1210468.855879999930039,0
26,2631537.104989999905229,1209548.515420000068843,0
27,2632990.121549999807030,1210086.008519999915734,0
28,2634105.040980000048876,1207627.688199999975041,0
29,2634291.006500000134110,1207650.859879999887198,0
30,2633187.268769999966025,1207635.097599999979138,0
31,2634309.294309999793768,1207053.606709999963641,0
32,2633534.197470000013709,1208793.129630000097677,0
33,2632007.769869999960065,1208872.458580000093207,0
34,2628999.530989999882877,1211261.006619999883696,0
35,2630500.328360000159591,1210402.515409999992698,0
36,2631785.043980000074953,1210686.363120000110939,0
37,2631800.112850000150502,1210738.676340000005439,0
38,2629669.095280000008643,1210670.256220000097528,0
39,2633843.633640000130981,1207754.717020000098273,0
40,2631035.707529999781400,1211051.103399999905378,0
41,2629022.725740000139922,1211274.441080000018701,0
42,2632978.337220000103116,1207535.168999999994412,0
43,2632075.185560000129044,1210275.744189999997616,0
44,2632286.129490000195801,1208632.576170000014827,0
45,2633818.963640000205487,1207983.408779999939725,0
46,2630740.918969999998808,1210498.703979999991134,0
47,2634008.057839999906719,1207019.816809999989346,0
48,2633694.772259999997914,1208513.539009999949485,0
49,2631315.959689999930561,1210313.933579999953508,0
50,2629032.139359999913722,1211162.595149999950081,0
51,2632037.540459999814630,1208672.668069999897853,0
52,2633269.706309999804944,1208386.812209999887273,0
53,2629973.432550000026822,1211113.083369999891147,0
54,2631833.628080000169575,1209255.771419999888167,0
55,2628833.545309999957681,1210754.394790000049397,0
56,2633434.396069999784231,1210057.296490000095218,0
57,2631488.424879999831319,1209613.000950000016019,0
58,2633811.374849999789149,1208782.818849999923259,0
59,2630773.379110000096262,1211119.008829999947920,0
60,2631758.271600000094622,1210718.836820000084117,0
61,2633343.126559999771416,1208010.796409999951720,0
62,2633700.824990000110120,1208870.248450000071898,0
63,2628850.951739999931306,1210720.789889999898151,0
64,2631834.915370000060648,1209171.133799999952316,0
65,2634197.554210000205785,1206036.076390000060201,0
66,2631493.557149999774992,1210198.425220000091940,0
67,2632276.167479999829084,1210834.230310000013560,0
68,2634177.312280000187457,1208730.733479999937117,0
69,2632778.918080000206828,1209026.700140000088140,0
70,2629114.772319999989122,1210521.685589999891818,0
71,2628803.880549999885261,1210803.677029999904335,0
72,2634124.981600000057369,1207443.296450000023469,0
73,2630510.614899999927729,1210220.306030000094324,0
74,2630429.889279999770224,1210558.001960000023246,0
75,2630740.283619999885559,1210838.837999999988824,0
76,2633184.755580000113696,1210120.844730000011623,0
77,2634691.214800000190735,1207000.112960000056773,0
78,2633245.012459999881685,1208173.554079999914393,0
79,2630771.277619999833405,1211210.003689999924973,0
80,2631609.610770000144839,1210315.277089999988675,0
81,2634013.353230000007898,1207905.720299999928102,0
82,2628689.979480000212789,1211138.666080000111833,0
83,2631821.683949999976903,1210350.491880000103265,0
84,2629108.365340000018477,1210843.431769999908283,0
85,2632918.916230000089854,1209578.841759999981150,0
86,2633372.862530000042170,1209554.018759999889880,0
87,2631987.022729999851435,1210737.663140000076964,0
88,2631437.844899999909103,1210447.706879999954253,0
89,2631190.589970000088215,1210825.045119999907911,0
90,2633379.017090000212193,1209663.599940000101924,0
91,2632617.015999999828637,1210338.136369999963790,0
92,2629334.557029999792576,1210824.863630000036210,0
93,2630809.877280000131577,1210822.858500000089407,0
94,2633648.662060000002384,1206455.555780000053346,0
95,2633376.478790000081062,1207993.010340000037104,0
96,2632784.364300000015646,1210718.305579999927431,0
97,2629090.066589999943972,1210966.350360000040382,0
98,2634296.317030000034720,1207863.684240000089630,0
99,2632163.582570000085980,1209538.875999999931082,0
100,2634897.165659999940544,1206732.170559999998659,0
101,2631852.017750000115484,1209995.776679999893531,0
102,2631811.543659999966621,1210400.979289999930188,0
103,2629591.506539999973029,1210982.305699999909848,0
104,2634785.639200000092387,1207239.116679999977350,0
105,2630892.764789999928325,1209232.249120000051335,0
106,2632610.332419999875128,1209444.397850000066683,0
107,2632686.371970000211149,1209373.487459999974817,0
108,2630785.793080000206828,1209833.764230000087991,0
109,2634921.868340000044554,1207759.781530000036582,0
110,2634573.808590000029653,1207961.768859999952838,0
111,2628698.564199999906123,1211124.914540000027046,0
112,2633312.757060000207275,1209581.425039999885485,0
113,2632980.764649999793619,1207402.041479999898002,0
114,2632741.384300000034273,1209046.656680000014603,0
115,2630967.878010000102222,1209038.925650000106543,0
116,2631235.758289999794215,1211171.449980000033975,0
117,2632491.793049999978393,1210432.438629999989644,0
118,2628933.462900000158697,1211756.002610000083223,0
119,2628382.465050000231713,1211021.803379999939352,0
120,2633807.767450000159442,1207892.474450000096112,0
121,2631062.773510000202805,1210822.242420000024140,0
122,2633256.183420000132173,1209306.550190000096336,0
123,2628483.715079999994487,1211241.050150000024587,0
124,2630349.811619999818504,1210564.953759999945760,0
125,2632476.724710000213236,1207897.954720000037923,0
126,2629686.459210000000894,1211212.954790000105277,0
127,2632734.312210000120103,1210041.731290000025183,0
128,2629740.206170000135899,1210709.846850000089034,0
129,2633433.215460000094026,1206820.599960000021383,0
130,2633182.187839999794960,1209949.767960000084713,0
131,2630549.009250000119209,1210994.524590000044554,0
132,2630140.588810000102967,1211019.513849999988452,0
133,2633712.719969999976456,1208157.206749999895692,0
134,2631547.407519999891520,1209709.370489999884740,0
135,2629314.980250000022352,1210533.134319999953732,0
136,2628427.115079999901354,1210622.013400000054389,0
137,2629965.521339999977499,1211376.841349999886006,0
138,2629358.889400000218302,1210857.550499999895692,0
139,2631788.491799999959767,1210570.744329999899492,0
140,2634738.367050000000745,1207363.577220000093803,0
141,2634912.479720000177622,1206073.105680000036955,0
142,2633007.195230000186712,1209846.987089999951422,0
143,2628745.197869999799877,1210606.461249999934807,0
144,2632000.171800000127405,1210195.775700000114739,0
145,2629588.055300000123680,1211344.978230000007898,0
146,2630387.070559999905527,1211209.757590000052005,0
147,2631779.778729999903589,1210189.103619999950752,0
148,2631323.867289999965578,1211428.196260000113398,0
149,2633057.856490000151098,1208194.112410000059754,0
150,2628475.698840000201017,1210922.850430000107735,0
151,2630894.115290000103414,1210422.830450000008568,0
152,2629180.930300000123680,1211096.052140000043437,0
153,2633214.297720000147820,1207698.348049999913201,0
154,2630672.879089999943972,1211242.928800000110641,0
155,2631168.679839999880642,1209188.595190000021830,0
156,2632222.980560000054538,1209009.851449999958277,0
157,2633438.906810000073165,1206522.527160000056028,0
158,2632029.734769999980927,1210757.400410000002012,0
159,2630953.788240000139922,1209341.809790000086650,0
160,2631590.639560000039637,1208198.426250000018626,0
161,2632698.004370000213385,1208705.228339999914169,0
162,2634450.476590000092983,1207921.608969999942929,0
163,2630875.113960000220686,1210426.991649999981746,0
164,2633610.888280000071973,1210009.284340000012890,0
165,2632611.181150000076741,1209785.135019999928772,0
166,2632456.180339999962598,1208935.191670000087470,0
167,2634513.126420000102371,1206716.722869999939576,0
168,2632106.160449999850243,1208281.928980000084266,0
169,2630006.393780000042170,1211303.550939999986440,0
170,2631609.431090000085533,1209610.722589999902993,0
171,2629001.262180000077933,1210676.524160000029951,0
172,2628303.973939999938011,1211046.565350000048056,0
173,2632604.047790000215173,1209641.246190000092611,0
174,2633930.659659999888390,1207641.572069999994710,0
175,2630915.073650000151247,1209365.716109999921173,0
176,2632089.191490000113845,1210868.791449999902397,0
177,2633429.063480000011623,1208346.117929999949411,0
178,2630780.750159999821335,1210353.555480000097305,0
179,2633717.946980000007898,1208690.274479999905452,0
180,2629722.212079999968410,1211491.665479999966919,0
181,2633048.648529999889433,1208510.109140000073239,0
182,2634469.305819999892265,1207037.876789999892935,0
183,2631898.317819999996573,1210697.589170000050217,0
184,2631093.032879999838769,1210105.563249999890104,0
185,2629280.656080000102520,1211377.484129999997094,0
186,2632012.526020000223070,1210237.258189999964088,0
187,2633789.202560000121593,1209716.980819999938831,0
188,2632808.013350000139326,1206990.401920000091195,0
189,2631716.683550000190735,1211094.871409999905154,0
190,2633124.866080000065267,1210035.033079999964684,0
191,2633286.512660000007600,1208391.641109999967739,0
192,2631605.244849999900907,1210123.879220000002533,0
193,2631202.582589999772608,1208823.382699999958277,0
194,2632223.450050000101328,1208794.548299999907613,0
195,2631893.424240000080317,1209540.711270000087097,0
196,2633361.805819999892265,1209545.079919999931008,0
197,2634390.244859999977052,1206776.978020000038669,0
198,2629233.008460000157356,1210571.654899999964982,0
199,2633922.724810000043362,1208888.503890000050887,0
200,2632456.640399999916553,1209551.065149999922141,0
201,2629033.089499999769032,1210505.574890000047162,0
202,2632301.023419999983162,1210845.812960000010207,0
203,2632571.254790000151843,1208417.298829999985173,0
204,2632131.629910000134259,1208624.893660000059754,0
205,2634928.357880000025034,1206535.626930000027642,0
206,2632870.530549999792129,1209322.264410000061616,0
207,2633474.344490000046790,1210032.940799999982119,0
208,2633751.513160000089556,1209828.333189999917522,0
209,2631295.428359999787062,1210454.317370000062510,0
210,2632480.534399999771267,1208378.956070000072941,0
211,2634494.157560000196099,1207875.202929999912158,0
212,2632780.333370000123978,1210700.299780000001192,0
213,2631515.899269999936223,1209586.549289999995381,0
214,2632183.641600000206381,1210228.849099999992177,0
215,2633719.962770000100136,1209869.751350000035018,0
216,2629527.983680000063032,1210550.653249999973923,0
217,2631954.641770000103861,1210180.371349999913946,0
218,2630908.322420000098646,1209307.908180000027642,0
219,2631077.357580000068992,1209702.456040000077337,0
220,2631237.670990000013262,1209983.397919999901205,0
221,2629470.640130000188947,1210869.929699999978766,0
222,2633215.731430000159889,1207943.206789999967441,0
223,2631701.706300000194460,1208355.654450000030920,0
224,2629634.611479999963194,1210448.065769999986514,0
225,2629116.630810000002384,1211230.446860000025481,0
226,2632290.100089999847114,1209928.518799999961630,0
227,2628968.922129999846220,1210590.775200000032783,0
228,2633273.909279999788851,1206795.292750000022352,0
229,2633771.099859999958426,1208252.654180000070482,0
230,2630995.926239999942482,1210804.078320000087842,0
231,2632149.100829999893904,1209122.602249999996275,0
232,2634615.553210000041872,1206839.581019999925047,0
233,2629159.906899999827147,1210453.279379999963567,0
234,2628931.837079999968410,1211144.348890000022948,0
235,2628440.340780000202358,1211189.700669999932870,0
236,2634425.591349999886006,1207003.046050000004470,0
237,2632093.197819999884814,1209506.544870000099763,0
238,2631787.384190000128001,1209291.816060000099242,0
239,2631573.885379999876022,1210254.498039999976754,0
240,2632143.044249999802560,1209471.791070000035688,0
241,2634336.166920000221580,1207723.035600000061095,0
242,2629512.238979999907315,1210561.925770000088960,0
243,2632286.576630000025034,1210299.656639999942854,0
244,2632431.850089999847114,1210024.574490000028163,0
245,2632553.559049999807030,1210919.970660000108182,0
246,2632765.871520000044256,1209036.629459999967366,0
247,2632768.593419999815524,1210558.071830000029877,0
248,2631441.094190000090748,1210286.328690000111237,0
249,2632566.591399999801069,1208921.915819999994710,0
250,2631852.476710000075400,1210848.030000000027940,0
251,2631537.938709999900311,1211397.636660000076517,0
252,2634130.132759999949485,1207153.995959999971092,0
253,2633860.317629999946803,1208985.517049999907613,0
254,2634884.564950000029057,1207532.472730000037700,0
255,2629394.663420000113547,1210919.424769999925047,0
256,2631967.000849999953061,1208842.354689999949187,0
257,2631110.072540000081062,1210056.785690000047907,0
258,2633238.779010000173002,1209856.664610000094399,0
259,2628814.861349999904633,1210590.679179999977350,0
260,2628441.392849999945611,1210871.979229999938980,0
261,2633629.927879999857396,1206837.894890000112355,0
262,2631440.427469999995083,1209549.602290000068024,0
263,2630955.122580000199378,1208955.046659999992698,0
264,2634930.364990000147372,1207229.928770000115037,0
265,2634722.210289999842644,1207382.533409999916330,0
266,2633509.927000000141561,1206747.472599999979138,0
267,2629016.217530000023544,1210904.268020000075921,0
268,2632692.214269999880344,1207908.686979999998584,0
269,2633779.467800000216812,1209589.697960000019521,0
270,2631582.986039999872446,1211236.339410000015050,0
271,2632342.467350000049919,1209531.362590000033379,0
272,2629235.519340000115335,1210498.293619999894872,0
273,2630590.313260000199080,1210085.401880000019446,0
274,2632498.311389999929816,1209624.790169999934733,0
275,2630950.773409999907017,1209179.214129999978468,0
276,2634314.741409999784082,1207560.726179999997839,0
277,2631213.632249999791384,1210969.554659999907017,0
278,2628479.855870000086725,1211099.164809999987483,0
279,2633924.406820000149310,1207499.991069999989122,0
280,2634487.247890000231564,1207786.659470000071451,0
281,2633757.113160000182688,1207036.235110000008717,0
282,2632693.330409999936819,1207984.497200000099838,0
283,2635026.813970000017434,1207479.745379999978468,0
284,2632580.381630000192672,1210625.790030000032857,0
285,2631737.395769999828190,1208769.274399999994785,0
286,2633663.048529999796301,1210000.976969999959692,0
287,2633318.801779999863356,1207711.925950000062585,0
288,2630963.947139999829233,1210690.848169999895617,0
289,2632260.525109999813139,1208025.451369999907911,0
290,2633920.776229999959469,1207819.088729999959469,0
291,2628486.954559999983758,1211326.505529999965802,0
292,2631813.671109999995679,1210007.882509999908507,0
293,2630626.520700000226498,1210916.079810000024736,0
294,2630330.201619999948889,1210144.491350000025705,0
295,2634329.150349999777973,1206572.630050000036135,0
296,2632571.788129999767989,1207737.973990000085905,0
297,2628216.731960000004619,1211100.220260000089183,0
298,2633673.799629999790341,1208269.524680000031367,0
299,2634816.842180000152439,1206863.777380000101402,0
300,2634280.708709999918938,1207472.908389999996871,0
301,2634108.157430000137538,1207854.187639999901876,0
302,2634220.155730000231415,1207833.320619999896735,0
303,2631877.290860000066459,1210199.779289999976754,0
304,2631342.279610000085086,1209043.418490000069141,0
305,2632582.334040000103414,1209779.034930000081658,0
306,2632255.392239999957383,1209086.133290000027046,0
307,2628395.957750000059605,1210553.350749999983236,0
308,2633014.883619999978691,1210224.262799999909475,0
309,2633561.626790000125766,1206893.327589999884367,0
310,2631403.437630000058562,1208920.359129999997094,0
311,2629651.269979999866337,1211373.379909999901429,0
312,2630709.750669999979436,1209367.817950000055134,0
313,2634519.315090000163764,1206881.353649999946356,0
314,2628719.919170000124723,1210837.933419999899343,0
315,2631162.919300000183284,1209274.801939999917522,0
316,2631873.165829999838024,1210195.992249999893829,0
317,2634289.870089999865741,1207153.505580000113696,0
318,2634362.671750000212342,1207645.782769999932498,0
319,2628752.293289999943227,1211617.447119999909773,0
320,2630181.398539999965578,1211489.209670000011101,0
321,2630028.404010000173002,1211451.517290000105277,0
322,2630928.791619999799877,1209062.808220000006258,0
323,2633638.364300000015646,1208510.789929999969900,0
324,2634465.215319999959320,1208538.039940000046045,0
325,2631703.587299999780953,1210563.118909999961033,0
326,2630538.513859999831766,1210870.736400000052527,0
327,2633028.396410000044852,1207523.191409999970347,0
328,2631750.659810000099242,1208354.747449999907985,0
329,2632399.138400000054389,1209856.506079999962822,0
330,2632529.926690000109375,1208829.787440000101924,0
331,2629722.139369999989867,1211214.784789999946952,0
332,2629045.898049999959767,1210728.340430000098422,0
333,2630435.321700000204146,1210479.913560000015423,0
334,2634106.218150000087917,1207872.731140000047162,0
335,2632303.712960000149906,1210767.081900000106543,0
336,2634548.580250000115484,1207702.214660000056028,0
337,2632152.384850000031292,1209715.791179999941960,0
338,2628795.526910000015050,1210972.279820000054315,0
339,2631265.014320000074804,1210524.089470000006258,0
340,2628387.026550000067800,1210918.270090000005439,0
341,2632003.098470000084490,1208265.753640000009909,0
342,2634345.799980000127107,1207438.740190000040457,0
343,2631796.332880000118166,1209998.818530000047758,0
344,2631981.561939999926835,1209914.511249999981374,0
345,2634375.315020000096411,1207714.751470000017434,0
346,2629840.566159999929368,1211438.353300000075251,0
347,2629870.770990000106394,1210207.903149999910966,0
348,2632921.382579999975860,1209165.138899999903515,0
349,2634536.790289999917150,1208393.403489999938756,0
350,2632423.727909999899566,1209253.811609999975190,0
351,2633994.771769999992102,1209011.222220000112429,0
352,2634140.303479999769479,1207342.606660000048578,0
353,2630148.906560000032187,1211271.421069999923930,0
354,2634550.539119999855757,1206821.944730000104755,0
355,2631749.642450000159442,1209613.924769999925047,0
356,2631032.143099999986589,1210438.058250000001863,0
357,2631408.731399999931455,1211473.481919999932870,0
358,2634018.876879999879748,1207851.834969999967143,0
359,2632234.135600000154227,1208267.978409999981523,0
360,2633005.734110000077635,1210339.448719999985769,0
361,2633162.204320000018924,1207489.632359999930486,0
362,2634301.507340000011027,1207784.063499999931082,0
363,2629846.797189999837428,1210286.703320000087842,0
364,2632459.961980000138283,1208683.633690000046045,0
365,2631402.939209999982268,1210340.090439999941736,0
366,2631517.039160000160336,1209294.315679999999702,0
367,2632095.411340000107884,1209041.650260000023991,0
368,2632991.929580000229180,1210459.628419999964535,0
369,2630875.185190000105649,1209866.926969999913126,0
370,2632301.746669999789447,1210878.125639999983832,0
371,2633495.461589999962598,1208543.906829999992624,0
372,2630160.790299999993294,1211455.439999999944121,0
373,2631620.582380000036210,1209552.165789999999106,0
374,2633652.400400000158697,1206167.925640000030398,0
375,2633342.392409999854863,1207758.328560000052676,0
376,2628623.607350000180304,1210746.954549999907613,0
377,2634057.149869999848306,1207872.652800000039861,0
378,2631832.338109999895096,1210050.555880000116304,0
379,2631361.094649999868125,1210443.812140000052750,0
380,2632920.536400000099093,1209687.229749999940395,0
381,2634324.602030000183731,1208726.574629999930039,0
382,2634497.218059999868274,1207636.363709999946877,0
383,2633315.877729999832809,1209210.349919999949634,0
384,2634414.794950000010431,1207807.730119999963790,0
385,2632752.807250000070781,1209522.703269999939948,0
386,2632960.735820000059903,1207191.523879999993369,0
387,2631074.980489999987185,1209695.295330000109971,0
388,2633410.729650000110269,1209893.837740000104532,0
389,2633022.870209999848157,1209850.696049999911338,0
390,2630065.166350000072271,1211346.136879999889061,0
391,2633650.698350000195205,1209558.479800000088289,0
392,2634373.322339999955148,1208507.833820000058040,0
393,2633008.817669999785721,1210331.497280000010505,0
394,2630749.760590000078082,1210808.119909999892116,0
395,2632142.158910000231117,1209394.746770000085235,0
396,2632275.762209999840707,1209751.453479999909177,0
397,2633642.589139999821782,1206472.516659999964759,0
398,2634289.890190000180155,1206824.788810000056401,0
399,2633421.011649999767542,1209547.231910000089556,0
400,2630773.086240000091493,1209523.821920000016689,0
401,2631883.073199999984354,1210514.613099999958649,0
402,2629522.238619999960065,1210917.980999999912456,0
403,2630275.478310000151396,1211149.864869999932125,0
404,2628606.472899999935180,1210719.298620000015944,0
405,2635166.609540000092238,1206276.194820000091568,0
406,2633261.941769999917597,1209011.423639999935403,0
407,2633396.781779999844730,1210057.055630000075325,0
408,2631666.473730000201613,1208367.721119999885559,0
409,2632212.328069999814034,1210465.839589999988675,0
410,2633593.007430000230670,1209871.529709999915212,0
411,2631985.434030000120401,1210153.065579999936745,0
412,2628787.064230000134557,1210936.409389999927953,0
413,2630820.657010000199080,1210940.389720000093803,0
414,2630969.130220000166446,1209210.340580000076443,0
415,2633499.556720000226051,1206670.916250000009313,0
416,2633581.335330000147223,1206907.998589999973774,0
417,2633764.271069999784231,1206529.381289999932051,0
418,2628962.174600000027567,1211181.892049999907613,0
419,2629664.581650000065565,1211495.677669999888167,0
420,2629624.550830000080168,1211300.683140000095591,0
421,2630742.514789999928325,1211360.988670000107959,0
422,2631062.206770000047982,1210586.073439999949187,0
423,2634883.027489999774843,1207195.918730000033975,0
424,2628783.721249999944121,1210964.867899999953806,0
425,2630823.913509999867529,1209211.085509999888018,0
426,2631541.540459999814630,1210334.532869999995455,0
427,2631937.412969999946654,1209532.037119999993593,0
428,2628875.591349999886006,1210571.137829999905080,0
429,2634718.423680000007153,1207268.992970000021160,0
430,2631515.730779999867082,1209507.752360000042245,0
431,2633023.114589999895543,1210003.146459999959916,0
432,2632163.488969999831170,1208045.777029999997467,0
433,2628549.083649999927729,1211149.488090000115335,0
434,2628583.677350000012666,1210776.166029999963939,0
435,2631899.933699999935925,1209378.912359999958426,0
436,2633702.984920000191778,1208342.113409999990836,0
437,2632145.535459999926388,1209030.050670000026003,0