FID,x,y,lslpts
0,2634196.045789999887347,1206077.683350000064820,1
1,2633638.850000000093132,1206286.087499999906868,1
2,2633704.375000000000000,1206295.750000000000000,1
3,2633719.250000000000000,1206294.500000000000000,1
4,2633710.905559999868274,1206296.794440000085160,1
5,2633626.500000000000000,1206323.500000000000000,1
6,2634752.796099999919534,1206520.120159999933094,1
7,2633398.181820000056177,1206651.166669999947771,1
8,2634475.232760000042617,1206699.767239999957383,1
9,2634468.440739999990910,1206712.714810000034049,1
10,2632928.938680000137538,1206761.278299999888986,1
11,2634605.250000000000000,1206765.250000000000000,1
12,2634459.796509999781847,1206770.277130000060424,1
13,2634280.750000000000000,1206775.250000000000000,1
14,2634284.125000000000000,1206778.500000000000000,1
15,2634763.486620000097901,1206780.464380000019446,1
16,2634438.063779999967664,1206785.009229999966919,1
17,2634769.875000000000000,1206793.750000000000000,1
18,2633455.118999999947846,1206943.650850000092760,1
19,2634777.960940000135452,1206795.250000000000000,1
20,2634679.319440000224859,1206812.944439999992028,1
21,2633897.837499999906868,1206826.225000000093132,1
22,2634731.416670000180602,1206833.369050000095740,1
23,2634717.138890000060201,1206834.500000000000000,1
24,2634815.000000000000000,1206849.750000000000000,1
25,2634826.040849999990314,1206853.437279999954626,1
26,2634744.500000000000000,1206852.500000000000000,1
27,2634228.250000000000000,1206861.500000000000000,1
28,2634728.509490000084043,1206882.686710000038147,1
29,2634845.514750000089407,1206908.267770000034943,1
30,2633388.591690000146627,1206948.485110000008717,1
31,2634579.510869999881834,1206958.597830000100657,1
32,2633369.141299999784678,1206961.858699999982491,1
33,2634250.965410000178963,1206980.340150000061840,1
34,2633373.197370000183582,1206990.960530000040308,1
35,2633377.250000000000000,1206989.250000000000000,1
36,2633681.370689999777824,1206995.750000000000000,1
37,2632871.250000000000000,1206993.750000000000000,1
38,2634051.913199999835342,1207003.030370000051335,1
39,2634243.500000000000000,1206994.250000000000000,1
40,2634353.958560000173748,1207160.672169999917969,1
41,2633494.758320000022650,1207030.444089999888092,1
42,2634521.636359999887645,1207068.795450000092387,1
43,2633478.649999999906868,1207074.216669999994338,1
44,2633473.441010000184178,1207078.688199999975041,1
45,2633682.448799999896437,1207083.942770000081509,1
46,2634115.125000000000000,1207085.500000000000000,1
47,2633685.474299999885261,1207089.109810000052676,1
48,2634092.875000000000000,1207089.750000000000000,1
49,2634234.676159999798983,1207149.319850000087172,1
50,2634364.171050000004470,1207148.355260000098497,1
51,2634721.964290000032634,1207148.797620000084862,1
52,2634369.000000000000000,1207148.000000000000000,1
53,2632735.063490000087768,1207168.543649999890476,1
54,2634698.500000000000000,1207184.500000000000000,1
55,2632746.656500000040978,1207186.583330000052229,1
56,2633646.647809999994934,1207190.305979999946430,1
57,2634680.641669999808073,1207211.233329999959096,1
58,2634667.555559999775141,1207219.305560000007972,1
59,2634670.678569999989122,1207237.416669999947771,1
60,2634670.750000000000000,1207244.250000000000000,1
61,2634763.503519999794662,1207242.862680000020191,1
62,2634056.160259999800473,1207253.942310000071302,1
63,2634537.645179999992251,1207278.500000000000000,1
64,2634178.981029999908060,1207283.665180000010878,1
65,2634031.669999999925494,1207294.070000000065193,1
66,2634013.500000000000000,1207311.750000000000000,1
67,2634065.959540000185370,1207308.121370000066236,1
68,2634044.197370000183582,1207311.960530000040308,1
69,2634176.250000000000000,1207315.750000000000000,1
70,2632815.887500000186265,1207317.725000000093132,1
71,2634189.246239999774843,1207334.195599999977276,1
72,2634214.658609999809414,1207328.258739999961108,1
73,2634622.750000000000000,1207342.516920000081882,1
74,2634038.691720000002533,1207342.012730000074953,1
75,2633183.375000000000000,1207354.017860000021756,1
76,2633178.173080000095069,1207356.980770000023767,1
77,2632795.045450000092387,1207373.954549999907613,1
78,2632785.202510000206530,1207391.470669999951497,1
79,2634159.983099999837577,1207389.872320000082254,1
80,2634080.130379999987781,1207398.589970000088215,1
81,2633106.050239999778569,1207400.112419999903068,1
82,2634092.181640000082552,1207417.400380000006407,1
83,2634125.347159999888390,1207418.000000000000000,1
84,2634164.242149999830872,1207420.922160000074655,1
85,2634099.583399999886751,1207411.735060000093654,1
86,2634086.075259999837726,1207431.366880000103265,1
87,2634106.758150000125170,1207427.628909999970347,1
88,2634087.107139999978244,1207436.443879999918863,1
89,2634758.014150000177324,1207433.981170000042766,1
90,2633985.201609999872744,1207444.314520000014454,1
91,2634229.133220000192523,1207444.103619999950752,1
92,2634096.703579999972135,1207441.503340000053868,1
93,2634743.020270000211895,1207458.363510000053793,1
94,2634121.625000000000000,1207469.500000000000000,1
95,2634340.155059999786317,1207465.536739999894053,1
96,2634232.633549999911338,1207466.174809999996796,1
97,2632766.437500000000000,1207485.125000000000000,1
98,2634216.804270000196993,1207484.500000000000000,1
99,2634363.700710000004619,1207473.284770000027493,1
100,2634397.949529999867082,1207494.718140000011772,1
101,2635056.534250000026077,1207498.895939999958500,1
102,2634219.969909999985248,1207500.352320000063628,1
103,2634235.473209999967366,1207499.485120000084862,1
104,2634208.299939999822527,1207494.578269999939948,1
105,2634356.383179999887943,1207492.182560000102967,1
106,2634150.324070000089705,1207519.250000000000000,1
107,2634074.559210000094026,1207519.480260000098497,1
108,2634369.341740000061691,1207519.581840000115335,1
109,2633813.503769999835640,1207531.100799999898300,1
110,2634185.625000000000000,1207532.343750000000000,1
111,2634198.282699999865144,1207531.466010000091046,1
112,2634271.436379999853671,1207536.814550000010058,1
113,2634272.685380000155419,1207543.016940000001341,1
114,2634266.433710000012070,1207544.296090000076219,1
115,2634006.992509999778122,1207558.378740000072867,1
116,2634118.021439999807626,1207557.724589999997988,1
117,2633801.000000000000000,1207562.000000000000000,1
118,2634136.593290000222623,1207567.095740000018850,1
119,2634927.740999999921769,1207570.155199999921024,1
120,2634952.040870000142604,1207577.306390000041574,1
121,2634213.889020000118762,1207564.455640000058338,1
122,2634368.932109999936074,1207617.436800000024959,1
123,2634454.633059999905527,1207624.229839999927208,1
124,2634852.445299999788404,1207628.283890000078827,1
125,2634333.756180000025779,1207641.388220000080764,1
126,2634150.923369999974966,1207673.806020000018179,1
127,2634719.189900000113994,1207698.497340000001714,1
128,2632673.750000000000000,1207702.000000000000000,1
129,2634887.875000000000000,1207715.000000000000000,1
130,2634842.932800000067800,1207724.802189999958500,1
131,2634845.107050000224262,1207738.297550000017509,1
132,2633891.625000000000000,1207760.500000000000000,1
133,2634841.154250000137836,1207768.101539999945089,1
134,2634914.978780000004917,1207779.293360000010580,1
135,2634127.516999999992549,1207783.287980000022799,1
136,2634909.244950000196695,1207803.116649999981746,1
137,2634876.007699999958277,1207789.552750000031665,1
138,2634087.104160000104457,1207805.775290000019595,1
139,2634922.002580000087619,1207807.110820000059903,1
140,2634840.138890000060201,1207813.935190000105649,1
141,2634042.358620000071824,1207820.926049999892712,1
142,2632950.844940000213683,1207821.101269999984652,1
143,2632945.750000000000000,1207833.250000000000000,1
144,2632938.953519999980927,1207827.756220000097528,1
145,2634583.621789999771863,1207850.513950000051409,1
146,2632314.039470000192523,1207883.276319999946281,1
147,2632280.312500000000000,1207914.593750000000000,1
148,2634230.609939999878407,1207914.948169999988750,1
149,2634272.469409999903291,1207922.839110000059009,1
150,2632181.209999999962747,1207946.889999999897555,1
151,2634630.177529999986291,1207910.725689999992028,1
152,2632184.750000000000000,1207949.000000000000000,1
153,2634621.022929999977350,1207947.240329999942333,1
154,2632166.203040000051260,1207961.175869999919087,1
155,2633480.490650000050664,1207987.737470000050962,1
156,2633491.586629999801517,1207994.046749999979511,1
157,2633431.750000000000000,1208000.500000000000000,1
158,2633472.312719999812543,1208002.424829999916255,1
159,2633521.253639999777079,1208012.939340000040829,1
160,2633500.746309999842197,1208013.218249999918044,1
161,2633479.373649999964982,1208018.113529999973252,1
162,2633488.466450000181794,1208011.983139999909326,1
163,2633455.704599999822676,1208024.580649999901652,1
164,2633467.884480000007898,1208022.315050000092015,1
165,2633478.171279999893159,1208029.517489999998361,1
166,2633491.098689999897033,1208030.338380000088364,1
167,2633496.654959999956191,1208036.446509999921545,1
168,2633083.818179999943823,1208042.681820000056177,1
169,2633512.886940000113100,1208033.054530000081286,1
170,2633246.750000000000000,1208047.250000000000000,1
171,2633507.295619999989867,1208046.527560000075027,1
172,2633491.358760000206530,1208052.379329999908805,1
173,2633416.094089999794960,1208064.911289999959990,1
174,2633461.196849999949336,1208060.000070000067353,1
175,2633537.768769999966025,1208073.260870000114664,1
176,2633352.572009999770671,1208079.901700000045821,1
177,2633435.873070000205189,1208085.038209999911487,1
178,2633345.224359999876469,1208092.488780000014231,1
179,2633778.857119999825954,1208097.154139999998733,1
180,2633481.338800000026822,1208086.838220000034198,1
181,2633389.828129999805242,1208113.890630000038072,1
182,2633128.156979999970645,1208115.122089999960735,1
183,2633678.639049999881536,1208133.895179999992251,1
184,2633674.221150000113994,1208139.519229999976233,1
185,2633680.869609999936074,1208141.156600000103936,1
186,2633676.186939999926835,1208146.545739999972284,1
187,2633886.769009999930859,1208142.679749999893829,1
188,2633677.299500000197440,1208154.873760000104085,1
189,2633670.985290000215173,1208161.426470000064000,1
190,2633961.551159999798983,1208163.186290000099689,1
191,2634524.496619999874383,1208165.328590000048280,1
192,2633801.646120000164956,1208171.750000000000000,1
193,2633797.815220000222325,1208172.880429999902844,1
194,2633722.012500000186265,1208181.087499999906868,1
195,2633807.085070000030100,1208181.521170000080019,1
196,2631779.427110000047833,1208185.117980000097305,1
197,2633377.890350000001490,1208191.285089999902993,1
198,2633726.585099999792874,1208194.131719999946654,1
199,2633896.704489999916404,1208191.112889999989420,1
200,2634535.646040000021458,1208193.567830000072718,1
201,2634423.882019999902695,1208186.179440000094473,1
202,2632221.802629999816418,1208205.960530000040308,1
203,2632219.674999999813735,1208207.949999999953434,1
204,2634446.720129999797791,1208194.535159999970347,1
205,2631762.700579999946058,1208216.883510000072420,1
206,2634005.855260000098497,1208214.394099999917671,1
207,2634468.009039999917150,1208225.587349999928847,1
208,2634017.021190000232309,1208230.495760000078008,1
209,2633129.838239999953657,1208232.558819999918342,1
210,2633717.378310000058264,1208224.434320000000298,1
211,2634476.106469999998808,1208239.544999999925494,1
212,2634417.515629999805242,1208247.875000000000000,1
213,2633712.502689999993891,1208253.121079999953508,1
214,2634141.777600000146776,1208259.429530000081286,1
215,2634154.767239999957383,1208266.183459999971092,1
216,2633996.308569999877363,1208263.925120000028983,1
217,2633769.363640000112355,1208270.102269999915734,1
218,2633699.771910000126809,1208273.921139999991283,1
219,2634043.517159999813884,1208288.610289999982342,1
220,2633860.855979999992996,1208304.602969999890774,1
221,2633428.857139999978244,1208306.142860000021756,1
222,2633428.735160000156611,1208326.224780000047758,1
223,2633998.000000000000000,1208337.000000000000000,1
224,2631908.128380000125617,1208359.520269999979064,1
225,2634026.027910000178963,1208368.001179999904707,1
226,2632053.672449999954551,1208414.457239999901503,1
227,2634573.750000000000000,1208463.000000000000000,1
228,2631863.375000000000000,1208466.699999999953434,1
229,2634217.444459999911487,1208475.928610000060871,1
230,2631851.431199999991804,1208481.406220000004396,1
231,2634425.019669999834150,1208481.761819999897853,1
232,2634579.625000000000000,1208501.750000000000000,1
233,2633666.874960000161082,1208509.975659999996424,1
234,2633664.659070000052452,1208522.548750000074506,1
235,2634299.750000000000000,1208526.500000000000000,1
236,2632362.125000000000000,1208541.500000000000000,1
237,2633785.750000000000000,1208553.750000000000000,1
238,2633701.180780000053346,1208578.568489999976009,1
239,2633822.583329999819398,1208573.940480000106618,1
240,2633829.250000000000000,1208577.277779999887571,1
241,2634229.437500000000000,1208578.562500000000000,1
242,2634417.250000000000000,1208582.250000000000000,1
243,2633798.278090000152588,1208583.143260000040755,1
244,2633725.659409999847412,1208598.044430000009015,1
245,2633868.552469999995083,1208603.787040000082925,1
246,2634553.783919999841601,1208609.910170000046492,1
247,2633756.979439999908209,1208612.496740000089630,1
248,2634557.406859999988228,1208618.039219999918714,1
249,2632602.667810000013560,1208641.421229999978095,1
250,2633770.219670000020415,1208635.849450000096112,1
251,2633734.295049999840558,1208652.069820000091568,1
252,2633616.191800000146031,1208666.554599999915808,1
253,2633744.419869999866933,1208666.384060000069439,1
254,2633667.090220000129193,1208675.015840000007302,1
255,2633812.980380000080913,1208677.348250000039116,1
256,2633759.548680000007153,1208693.727759999921545,1
257,2633850.113640000112355,1208703.000000000000000,1
258,2633838.966980000026524,1208708.976419999962673,1
259,2633749.106170000042766,1208708.199530000099912,1
260,2634256.033780000172555,1208710.722970000002533,1
261,2634251.250000000000000,1208717.000000000000000,1
262,2633265.250000000000000,1208721.500000000000000,1
263,2633752.750000000000000,1208727.750000000000000,1
264,2633945.500000000000000,1208746.000000000000000,1
265,2632744.388890000060201,1208755.194439999992028,1
266,2634267.416670000180602,1208756.154760000063106,1
267,2633617.977810000069439,1208755.223370000021532,1
268,2633830.667140000034124,1208763.061430000001565,1
269,2633876.734860000200570,1208774.880319999996573,1
270,2634215.276320000179112,1208790.565789999905974,1
271,2634263.115590000059456,1208785.413979999953881,1
272,2634274.453699999954551,1208802.379630000097677,1
273,2633907.621429999824613,1208811.314289999892935,1
274,2632764.227270000148565,1208813.795450000092387,1
275,2633738.729239999782294,1208824.111719999928027,1
276,2634277.804750000126660,1208841.384929999941960,1
277,2633809.016669999808073,1208846.738889999920502,1
278,2633792.353190000168979,1208842.048010000027716,1
279,2633997.178569999989122,1208851.621430000057444,1
280,2633791.407879999838769,1208851.703800000017509,1
281,2633748.791300000157207,1208852.586290000006557,1
282,2633898.862000000197440,1208847.854589999886230,1
283,2634219.833870000205934,1208838.558669999940321,1
284,2633785.702649999875575,1208860.065750000067055,1
285,2633839.142279999796301,1208855.453089999966323,1
286,2634018.588500000070781,1208835.156059999950230,1
287,2634280.821430000010878,1208870.589290000032634,1
288,2634224.273940000217408,1208866.372350000077859,1
289,2634150.972219999879599,1208877.657409999985248,1
290,2634276.500000000000000,1208879.750000000000000,1
291,2633762.172879999969155,1208878.186590000055730,1
292,2634217.998319999780506,1208880.994359999895096,1
293,2633835.750000000000000,1208883.000000000000000,1
294,2634140.314309999812394,1208910.744029999943450,1
295,2634113.003659999929368,1208912.582099999999627,1
296,2634176.966039999853820,1208915.509120000060648,1
297,2634126.437609999906272,1208919.714470000006258,1
298,2633288.514709999784827,1208958.004900000058115,1
299,2631450.273500000126660,1208938.934829999925569,1
300,2633765.250000000000000,1208972.500000000000000,1
301,2632359.101240000221878,1208978.072309999959543,1
302,2632544.983870000112802,1208998.209680000087246,1
303,2632658.411760000046343,1209013.764710000017658,1
304,2632665.016669999808073,1209023.916669999947771,1
305,2631289.375000000000000,1209039.717110000085086,1
306,2633966.193299999926239,1209042.739689999958500,1
307,2634032.842590000014752,1209043.712959999917075,1
308,2630794.564609999768436,1209070.587079999968410,1
309,2632450.139829999767244,1209112.029660000000149,1
310,2631237.130429999902844,1209118.728260000003502,1
311,2630720.914770000148565,1209146.482950000092387,1
312,2633106.625000000000000,1209145.500000000000000,1
313,2633787.783820000011474,1209159.771930000046268,1
314,2633386.020270000211895,1209168.060809999937192,1
315,2630905.880429999902844,1209174.858699999982491,1
316,2631878.836209999863058,1209175.939659999916330,1
317,2633229.250000000000000,1209182.000000000000000,1
318,2633334.159090000204742,1209194.295450000092387,1
319,2631721.496480000205338,1209198.031690000090748,1
320,2633526.535000000149012,1209227.520000000018626,1
321,2630816.750000000000000,1209255.250000000000000,1
322,2633566.662159999832511,1209255.844590000109747,1
323,2631830.440479999873787,1209261.607139999978244,1
324,2631416.421010000165552,1209270.867460000095889,1
325,2631551.944440000224859,1209277.972220000112429,1
326,2632872.250000000000000,1209292.500000000000000,1
327,2630874.000000000000000,1209309.000000000000000,1
328,2632797.500000000000000,1209325.750000000000000,1
329,2632332.881579999811947,1209347.671050000004470,1
330,2630871.681820000056177,1209346.863640000112355,1
331,2630891.000000000000000,1209374.500000000000000,1
332,2632730.280300000216812,1209378.931820000056177,1
333,2632766.750000000000000,1209387.250000000000000,1
334,2632724.891030000057071,1209387.397439999971539,1
335,2631226.433329999912530,1209409.100000000093132,1
336,2631222.989130000118166,1209417.097830000100657,1
337,2632269.075579999946058,1209422.843020000029355,1
338,2632931.000000000000000,1209431.750000000000000,1
339,2633012.580430000089109,1209449.676089999964461,1
340,2632998.407889999914914,1209465.287759999977425,1
341,2630785.434210000094026,1209471.276319999946281,1
342,2632968.000000000000000,1209475.750000000000000,1
343,2632964.985290000215173,1209476.926470000064000,1
344,2632635.831629999913275,1209484.392860000021756,1
345,2633015.750000000000000,1209486.250000000000000,1
346,2632955.519230000209063,1209493.269229999976233,1
347,2633007.333329999819398,1209512.166669999947771,1
348,2633082.972219999879599,1209523.194439999992028,1
349,2633081.625000000000000,1209528.750000000000000,1
350,2633249.250000000000000,1209543.750000000000000,1
351,2630712.625000000000000,1209585.250000000000000,1
352,2633036.144119999837130,1209601.250000000000000,1
353,2633041.620000000111759,1209617.929999999934807,1
354,2633786.681030000094324,1209633.336210000095889,1
355,2632192.500000000000000,1209644.000000000000000,1
356,2632763.960940000135452,1209646.101560000097379,1
357,2632640.691180000081658,1209647.147060000104830,1
358,2633764.750000000000000,1209656.597220000112429,1
359,2633791.000000000000000,1209655.500000000000000,1
360,2633028.024999999906868,1209664.412500000093132,1
361,2631008.808139999862760,1209669.552330000093207,1
362,2631524.338709999807179,1209669.709680000087246,1
363,2632775.155410000123084,1209671.925680000102147,1
364,2632771.694440000224859,1209687.347220000112429,1
365,2632428.990259999874979,1209687.016229999950156,1
366,2633217.500000000000000,1209697.250000000000000,1
367,2633248.207630000077188,1209703.614409999921918,1
368,2633069.099059999920428,1209703.636789999902248,1
369,2632360.250000000000000,1209719.054350000107661,1
370,2632759.807690000161529,1209745.423080000095069,1
371,2633084.125000000000000,1209746.000000000000000,1
372,2632758.774999999906868,1209748.574999999953434,1
373,2632781.010869999881834,1209755.423909999895841,1
374,2632792.375000000000000,1209757.750000000000000,1
375,2632764.500000000000000,1209760.750000000000000,1
376,2633617.782259999774396,1209779.040319999912754,1
377,2633574.375000000000000,1209786.750000000000000,1
378,2633582.177540000062436,1209797.836959999985993,1
379,2633722.959360000211746,1209837.299259999999776,1
380,2633404.440479999873787,1209843.607139999978244,1
381,2631300.214290000032634,1209860.880949999904260,1
382,2633159.488100000191480,1209864.750000000000000,1
383,2633359.022729999851435,1209880.568179999943823,1
384,2633707.212489999830723,1209880.299050000030547,1
385,2633358.194440000224859,1209884.111109999939799,1
386,2631333.090909999795258,1209923.314939999952912,1
387,2633642.125000000000000,1209952.750000000000000,1
388,2632304.750000000000000,1209955.750000000000000,1
389,2633656.000000000000000,1209970.750000000000000,1
390,2633017.443549999967217,1210124.137099999934435,1
391,2631826.977270000148565,1210175.704549999907613,1
392,2631819.875000000000000,1210222.750000000000000,1
393,2631925.500000000000000,1210240.250000000000000,1
394,2633023.667400000151247,1210256.836760000092909,1
395,2630772.648440000135452,1210288.652340000029653,1
396,2632644.625000000000000,1210299.086399999912828,1
397,2632436.318179999943823,1210299.060610000044107,1
398,2632637.033739999867976,1210349.539839999983087,1
399,2631784.656250000000000,1210393.750000000000000,1
400,2632036.144739999901503,1210398.092110000085086,1
401,2631775.271740000229329,1210435.315219999989495,1
402,2632605.173080000095069,1210475.500000000000000,1
403,2630884.500000000000000,1210477.688760000048205,1
404,2632512.875000000000000,1210523.250000000000000,1
405,2632591.125000000000000,1210522.750000000000000,1
406,2630748.397059999871999,1210542.867649999912828,1
407,2629499.314590000081807,1210816.482890000101179,1
408,2632526.293479999992996,1210821.184780000010505,1
409,2631175.376920000184327,1210836.899999999906868,1
410,2632653.537039999850094,1210864.814809999894351,1
411,2632249.777780000120401,1210897.500000000000000,1
412,2629996.750000000000000,1210958.750000000000000,1
413,2631787.859389999881387,1210972.529880000045523,1
414,2631770.874330000020564,1210983.668719999957830,1
415,2631277.125000000000000,1210999.750000000000000,1
416,2629101.566509999800473,1211001.438069999916479,1
417,2631752.073909999802709,1211006.479700000025332,1
418,2628800.102940000128001,1211088.816180000081658,1
419,2631801.945650000125170,1211110.641300000017509,1
420,2630637.986560000106692,1211135.298389999894425,1
421,2630542.000000000000000,1211177.250000000000000,1
422,2631815.750000000000000,1211213.500000000000000,1
423,2631828.250000000000000,1211212.000000000000000,1
424,2629849.937500000000000,1211274.916669999947771,1
425,2630616.000000000000000,1211286.250000000000000,1
426,2630029.906250000000000,1211308.812500000000000,1
427,2629109.943750000093132,1211309.824999999953434,1
428,2629805.964290000032634,1211347.297620000084862,1
429,2628617.340909999795258,1211347.607139999978244,1
430,2630129.411290000192821,1211404.266129999887198,1
431,2629677.663949999958277,1211410.047669999999925,1
432,2630430.925369999837130,1211411.843279999913648,1
433,2629619.798390000127256,1211499.014519999967888,1
434,2629984.342110000085086,1211566.907889999914914,1
435,2633955.349690000060946,1208813.090640000067651,1
436,2634028.483589999843389,1209101.495979999890551,1
437,2633970.304430000018328,1209104.416230000089854,1