FID,x,y,lslpts
0,2657461.588440000079572,1137393.365320000099018,1
1,2657440.630599999800324,1137405.414180000079796,1
2,2657295.000000000000000,1137463.000000000000000,1
3,2657301.023529999889433,1137476.773529999889433,1
4,2657250.500000000000000,1137498.750000000000000,1
5,2657243.829140000045300,1137509.001799999969080,1
6,2657945.383330000098795,1137551.316670000087470,1
7,2658573.250000000000000,1137552.250000000000000,1
8,2658568.000000000000000,1137557.500000000000000,1
9,2657655.576090000104159,1137572.119570000097156,1
10,2657650.441110000014305,1137586.203329999931157,1
11,2658536.978699999861419,1137596.676149999955669,1
12,2658529.827419999986887,1137597.178950000088662,1
13,2657974.910709999967366,1137621.482139999978244,1
14,2657921.846659999806434,1137646.636020000092685,1
15,2657945.892469999846071,1137660.346670000115409,1
16,2657937.250000000000000,1137669.493049999931827,1
17,2657594.554380000103265,1137671.946569999912754,1
18,2657927.481329999864101,1137681.848530000075698,1
19,2657764.750000000000000,1137693.000000000000000,1
20,2657914.040320000145584,1137697.637099999934435,1
21,2657923.375000000000000,1137701.250000000000000,1
22,2659169.528770000208169,1137704.982739999890327,1
23,2657225.336959999985993,1137754.576090000104159,1
24,2657834.918579999823123,1137751.552679999964312,1
25,2658308.163219999987632,1137751.490849999943748,1
26,2659174.088010000064969,1137757.628879999974743,1
27,2657814.946260000113398,1137762.018380000023171,1
28,2657172.000000000000000,1137793.250000000000000,1
29,2657126.299999999813735,1137792.000000000000000,1
30,2657135.750000000000000,1137794.750000000000000,1
31,2657171.628049999941140,1137797.853660000022501,1
32,2658086.250000000000000,1137808.500000000000000,1
33,2658223.245349999982864,1137857.499289999948815,1
34,2657535.250000000000000,1137846.500000000000000,1
35,2659243.019220000132918,1137872.729939999990165,1
36,2659145.388749999925494,1137874.134670000057667,1
37,2658038.343299999833107,1137881.952580000041053,1
38,2658258.983200000133365,1137887.287550000008196,1
39,2657332.330000000074506,1137909.330000000074506,1
40,2657521.989219999872148,1137899.102939999895170,1
41,2659631.968350000213832,1137914.244329999899492,1
42,2659224.332700000144541,1137916.472340000094846,1
43,2658111.500000000000000,1137917.000000000000000,1
44,2658000.731500000227243,1137958.523329999996349,1
45,2657988.991539999842644,1137964.931090000085533,1
46,2658143.819769999943674,1137966.924420000053942,1
47,2658170.000000000000000,1137976.462139999959618,1
48,2659130.125000000000000,1137985.250000000000000,1
49,2657940.145570000167936,1138053.221519999904558,1
50,2659160.678569999989122,1138051.261429999954998,1
51,2657520.036009999923408,1138067.359450000105426,1
52,2659295.337499999906868,1138066.910579999908805,1
53,2657297.006699999794364,1138087.632049999898300,1
54,2659294.939189999829978,1138085.868239999981597,1
55,2657314.965119999833405,1138098.651159999892116,1
56,2658117.001480000093579,1138114.173080000095069,1
57,2658543.227270000148565,1138138.750000000000000,1
58,2659021.666670000180602,1138139.020830000052229,1
59,2658943.375000000000000,1138212.000000000000000,1
60,2658928.867649999912828,1138212.073529999936000,1
61,2659908.674740000162274,1138228.926539999898523,1
62,2658877.892339999787509,1138237.895990000106394,1
63,2659328.894429999869317,1138248.000000000000000,1
64,2658889.033460000064224,1138251.400540000060573,1
65,2659872.280220000073314,1138258.402549999998882,1
66,2659187.000000000000000,1138259.250000000000000,1
67,2657938.239579999819398,1138262.202079999959096,1
68,2659186.330949999857694,1138268.761900000041351,1
69,2659191.750000000000000,1138282.000000000000000,1
70,2658884.477099999785423,1138276.019619999919087,1
71,2657310.505100000184029,1138303.474489999935031,1
72,2659840.112490000203252,1138304.017659999895841,1
73,2658803.004550000187010,1138323.095449999906123,1
74,2658833.799449999816716,1138324.467949999962002,1
75,2659836.706329999957234,1138330.008480000076815,1
76,2659867.014059999957681,1138338.470339999999851,1
77,2657849.750000000000000,1138347.302630000049248,1
78,2657717.330899999942631,1138332.061609999975190,1
79,2657781.400510000064969,1138345.926019999897107,1
80,2659839.754350000061095,1138351.874220000114292,1
81,2659188.427389999851584,1138353.356589999981225,1
82,2657841.176469999831170,1138351.132350000087172,1
83,2659169.473910000175238,1138347.009469999931753,1
84,2657291.393219999969006,1138337.500000000000000,1
85,2657214.620420000050217,1138361.000000000000000,1
86,2658798.603540000040084,1138356.909089999971911,1
87,2657815.052480000071228,1138360.900399999925867,1
88,2657851.740830000024289,1138361.204129999969155,1
89,2657241.898310000076890,1138366.828029999975115,1
90,2657203.000000000000000,1138366.500000000000000,1
91,2658766.500000000000000,1138368.772730000084266,1
92,2659894.486109999939799,1138368.527779999887571,1
93,2657749.313560000155121,1138366.745760000078008,1
94,2657299.917270000092685,1138373.102179999928921,1
95,2658736.700000000186265,1138371.737500000046566,1
96,2657840.758799999952316,1138375.470380000071600,1
97,2657295.750000000000000,1138378.500000000000000,1
98,2657674.497450000140816,1138380.752989999949932,1
99,2657850.384829999879003,1138377.991570000071079,1
100,2659160.565220000222325,1138384.847830000100657,1
101,2658792.250000000000000,1138387.000000000000000,1
102,2658383.410120000131428,1138383.980990000069141,1
103,2659245.772359999828041,1138402.319840000011027,1
104,2657670.000000000000000,1138409.000000000000000,1
105,2657928.859929999802262,1138412.565600000089034,1
106,2657204.005729999858886,1138413.333970000036061,1
107,2657226.750000000000000,1138416.404129999922588,1
108,2657957.981250000186265,1138428.687500000000000,1
109,2657909.100000000093132,1138430.966669999994338,1
110,2659256.867649999912828,1138431.617649999912828,1
111,2657605.625000000000000,1138446.352309999987483,1
112,2657207.000000000000000,1138445.250000000000000,1
113,2660318.791670000180602,1138448.312500000000000,1
114,2660299.942179999779910,1138446.030479999957606,1
115,2658024.750000000000000,1138459.250000000000000,1
116,2657639.641489999834448,1138459.413829999975860,1
117,2658034.491940000094473,1138469.959680000087246,1
118,2657527.619229999836534,1138475.777209999971092,1
119,2658107.037229999899864,1138476.175529999891296,1
120,2659619.625000000000000,1138475.750000000000000,1
121,2659424.570309999864548,1138480.549679999938235,1
122,2660323.327519999817014,1138478.893410000018775,1
123,2657846.619570000097156,1138491.706520000007004,1
124,2657500.220590000040829,1138492.514710000017658,1
125,2657835.250000000000000,1138495.500000000000000,1
126,2659607.354239999782294,1138491.175800000084564,1
127,2658084.347829999867827,1138496.923909999895841,1
128,2657633.188459999859333,1138497.696149999974295,1
129,2659600.672900000121444,1138502.500000000000000,1
130,2657527.916670000180602,1138510.765150000108406,1
131,2657716.158330000005662,1138512.500000000000000,1
132,2660301.879029999952763,1138519.056450000032783,1
133,2660282.250000000000000,1138517.250000000000000,1
134,2657688.941180000081658,1138523.235289999982342,1
135,2658091.676469999831170,1138528.250000000000000,1
136,2657951.334749999921769,1138532.260669999988750,1
137,2658046.043649999890476,1138532.813490000087768,1
138,2658041.029070000164211,1138537.494189999997616,1
139,2658100.971150000113994,1138539.490380000090227,1
140,2657856.067069999873638,1138540.530490000033751,1
141,2657752.190479999873787,1138539.547620000084862,1
142,2657875.125000000000000,1138540.812500000000000,1
143,2657865.000000000000000,1138545.250000000000000,1
144,2658174.029999999795109,1138545.290000000037253,1
145,2658003.707630000077188,1138549.487290000077337,1
146,2657887.750000000000000,1138546.500000000000000,1
147,2657827.806820000056177,1138554.090910000028089,1
148,2657854.934779999777675,1138554.271739999996498,1
149,2657735.750000000000000,1138556.000000000000000,1
150,2658020.250000000000000,1138557.250000000000000,1
151,2658026.827779999934137,1138557.716669999994338,1
152,2657740.000000000000000,1138560.500000000000000,1
153,2657674.977270000148565,1138562.681820000056177,1
154,2658102.916670000180602,1138561.869050000095740,1
155,2658078.685479999985546,1138560.791220000013709,1
156,2657958.434210000094026,1138565.592110000085086,1
157,2659641.250000000000000,1138565.750000000000000,1
158,2657739.107139999978244,1138565.882650000043213,1
159,2658033.702380000147969,1138564.664289999986067,1
160,2657757.250000000000000,1138569.000000000000000,1
161,2658066.833620000164956,1138567.831909999949858,1
162,2657760.600000000093132,1138575.725000000093132,1
163,2657967.173729999922216,1138572.796610000077635,1
164,2657756.322730000130832,1138576.340910000028089,1
165,2657985.319769999943674,1138575.813950000097975,1
166,2657740.735119999852031,1138575.619050000095740,1
167,2660236.375000000000000,1138579.250000000000000,1
168,2660233.625000000000000,1138581.000000000000000,1
169,2658031.757579999975860,1138587.166669999947771,1
170,2658380.522729999851435,1138592.295450000092387,1
171,2658419.830000000074506,1138593.889999999897555,1
172,2658048.394069999922067,1138592.042369999922812,1
173,2659484.730469999834895,1138594.666260000085458,1
174,2658365.041670000180602,1138595.333330000052229,1
175,2660329.101249999832362,1138598.288329999893904,1
176,2658286.718750000000000,1138600.117189999902621,1
177,2658063.875000000000000,1138599.000000000000000,1
178,2657969.570749999955297,1138609.561320000095293,1
179,2658081.523810000158846,1138613.333330000052229,1
180,2660215.035399999935180,1138608.583240000065416,1
181,2658414.076090000104159,1138615.010870000114664,1
182,2658175.524189999792725,1138615.427420000080019,1
183,2658403.880189999938011,1138604.761219999985769,1
184,2657078.266689999960363,1138619.677960000000894,1
185,2658329.921430000104010,1138619.642860000021756,1
186,2658172.049999999813735,1138622.216669999994338,1
187,2657443.836209999863058,1138623.474140000063926,1
188,2657873.126809999812394,1138621.590580000076443,1
189,2660232.500000000000000,1138622.500000000000000,1
190,2657935.705879999790341,1138623.279409999959171,1
191,2658016.250000000000000,1138624.750000000000000,1
192,2658268.118180000223219,1138623.281819999916479,1
193,2657985.799999999813735,1138625.583330000052229,1
194,2658035.155939999967813,1138624.636140000075102,1
195,2658165.562500000000000,1138626.437500000000000,1
196,2660225.310000000055879,1138626.830000000074506,1
197,2658219.597219999879599,1138628.083330000052229,1
198,2658318.982139999978244,1138629.392860000021756,1
199,2658041.474140000063926,1138630.612070000031963,1
200,2658148.500000000000000,1138629.684210000094026,1
201,2658115.638890000060201,1138630.601849999977276,1
202,2658281.198280000127852,1138631.732760000042617,1
203,2658288.446969999931753,1138631.507579999975860,1
204,2658455.607139999978244,1138631.630949999904260,1
205,2658134.750000000000000,1138629.250000000000000,1
206,2658151.336959999985993,1138634.054350000107661,1
207,2657448.754999999888241,1138633.254999999888241,1
208,2658146.564809999894351,1138635.231480000074953,1
209,2658499.468750000000000,1138637.156250000000000,1
210,2657470.324070000089705,1138637.472220000112429,1
211,2658280.805559999775141,1138637.787040000082925,1
212,2658289.823530000168830,1138638.014710000017658,1
213,2658038.308819999918342,1138644.779409999959171,1
214,2658159.125000000000000,1138643.250000000000000,1
215,2658109.961540000047535,1138644.596150000113994,1
216,2658150.715119999833405,1138646.936049999902025,1
217,2660217.020969999954104,1138647.543550000060350,1
218,2658054.284930000081658,1138647.507639999967068,1
219,2658166.000000000000000,1138648.000000000000000,1
220,2658325.964290000032634,1138650.729589999886230,1
221,2658185.755700000096112,1138646.933759999927133,1
222,2658368.750000000000000,1138652.000000000000000,1
223,2657509.750000000000000,1138653.000000000000000,1
224,2658201.007730000186712,1138651.945880000013858,1
225,2658149.743670000229031,1138654.958859999896958,1
226,2657888.479760000016540,1138653.613469999982044,1
227,2658220.443750000093132,1138655.787500000093132,1
228,2657390.525859999936074,1138662.025859999936074,1
229,2658423.828949999995530,1138663.855260000098497,1
230,2658051.830649999901652,1138663.137099999934435,1
231,2657497.000000000000000,1138659.000000000000000,1
232,2658120.811360000167042,1138660.027269999962300,1
233,2657376.858070000074804,1138657.146829999983311,1
234,2658144.180559999775141,1138666.187500000000000,1
235,2659718.867659999988973,1138668.070099999895319,1
236,2657518.000000000000000,1138670.000000000000000,1
237,2659709.571430000010878,1138675.303569999989122,1
238,2657505.312500000000000,1138677.937500000000000,1
239,2657535.375000000000000,1138676.763969999970868,1
240,2658354.741669999901205,1138679.533330000005662,1
241,2658368.750000000000000,1138680.500000000000000,1
242,2660768.286079999990761,1138686.152059999993071,1
243,2658025.105769999790937,1138687.788459999952465,1
244,2658242.125000000000000,1138684.750000000000000,1
245,2657708.010869999881834,1138691.902169999899343,1
246,2658408.625000000000000,1138691.488099999958649,1
247,2658389.750000000000000,1138691.000000000000000,1
248,2659790.643560000229627,1138695.445539999986067,1
249,2658364.644739999901503,1138699.013160000089556,1
250,2659765.862610000185668,1138698.101349999895319,1
251,2658490.500000000000000,1138699.500000000000000,1
252,2659754.750000000000000,1138706.500000000000000,1
253,2658455.728259999770671,1138706.010870000114664,1
254,2658378.754720000084490,1138705.910380000015721,1
255,2658392.203129999805242,1138705.109380000038072,1
256,2658252.763160000089556,1138708.026319999946281,1
257,2658375.250000000000000,1138711.750000000000000,1
258,2658485.035410000011325,1138708.559009999968112,1
259,2658231.250000000000000,1138709.750000000000000,1
260,2658375.000000000000000,1138714.000000000000000,1
261,2658365.083329999819398,1138718.638890000060201,1
262,2658233.286230000201613,1138717.829709999961779,1
263,2658323.250000000000000,1138720.750000000000000,1
264,2657052.161760000046343,1138723.044119999976829,1
265,2658049.170630000066012,1138723.781750000081956,1
266,2658414.566039999946952,1138723.462259999942034,1
267,2657044.250000000000000,1138726.000000000000000,1
268,2658549.305559999775141,1138727.675929999910295,1
269,2658270.750000000000000,1138727.250000000000000,1
270,2657058.570220000110567,1138726.884830000111833,1
271,2658245.250000000000000,1138728.250000000000000,1
272,2658381.236839999910444,1138728.868419999955222,1
273,2658271.880429999902844,1138731.750000000000000,1
274,2658241.000000000000000,1138732.500000000000000,1
275,2658222.068179999943823,1138734.681820000056177,1
276,2658390.500000000000000,1138721.000000000000000,1
277,2657767.573530000168830,1138738.485289999982342,1
278,2658485.375000000000000,1138741.750000000000000,1
279,2658307.044120000209659,1138741.691180000081658,1
280,2658493.553919999860227,1138741.436269999947399,1
281,2658544.835529999807477,1138743.046050000004470,1
282,2658020.125000000000000,1138746.250000000000000,1
283,2658267.612199999857694,1138745.895669999998063,1
284,2658323.988940000068396,1138746.546460000099614,1
285,2658340.012800000142306,1138749.427469999995083,1
286,2660043.030819999985397,1138754.845889999996871,1
287,2658242.000000000000000,1138752.500000000000000,1
288,2658469.829549999907613,1138754.656250000000000,1
289,2658225.171430000104010,1138757.657140000024810,1
290,2658489.010869999881834,1138757.380429999902844,1
291,2658258.109999999869615,1138761.270000000018626,1
292,2658426.475810000207275,1138763.233870000112802,1
293,2658269.162020000163466,1138759.189909999957308,1
294,2658467.027029999997467,1138764.418920000083745,1
295,2658226.692309999838471,1138764.336540000047535,1
296,2658236.301719999872148,1138764.129309999989346,1
297,2658485.345240000169724,1138766.047620000084862,1
298,2660883.250000000000000,1138767.591460000025108,1
299,2658462.085159999784082,1138766.975270000053570,1
300,2658549.250000000000000,1138770.250000000000000,1
301,2658497.566670000087470,1138769.883330000098795,1
302,2658489.000000000000000,1138771.250000000000000,1
303,2658558.750000000000000,1138771.750000000000000,1
304,2658309.987290000077337,1138773.563559999922290,1
305,2658514.500000000000000,1138774.750000000000000,1
306,2658086.500000000000000,1138774.750000000000000,1
307,2658304.062500000000000,1138782.555560000007972,1
308,2658563.022729999851435,1138783.487369999988005,1
309,2658991.875000000000000,1138780.250000000000000,1
310,2658215.755789999850094,1138783.655409999890253,1
311,2658228.250000000000000,1138789.750000000000000,1
312,2660021.492659999988973,1138783.250000000000000,1
313,2658603.000000000000000,1138792.250000000000000,1
314,2658267.116669999901205,1138798.316670000087470,1
315,2658320.727270000148565,1138800.045450000092387,1
316,2658278.064809999894351,1138798.277779999887571,1
317,2658635.600000000093132,1138800.087499999906868,1
318,2660870.207150000147521,1138800.187429999932647,1
319,2658558.817569999955595,1138802.655409999890253,1
320,2658931.617349999956787,1138806.239800000097603,1
321,2658574.923080000095069,1138809.403849999886006,1
322,2658235.368420000188053,1138812.092110000085086,1
323,2658556.007579999975860,1138811.143940000096336,1
324,2658215.495970000047237,1138813.911289999959990,1
325,2658270.545450000092387,1138817.136359999887645,1
326,2658588.784090000204742,1138815.102269999915734,1
327,2658548.277269999962300,1138823.031819999916479,1
328,2660853.888890000060201,1138827.375000000000000,1
329,2658242.982139999978244,1138830.964290000032634,1
330,2658424.270829999819398,1138834.041669999947771,1
331,2658588.674860000144690,1138831.888730000006035,1
332,2658382.955879999790341,1138835.593140000011772,1
333,2658482.274999999906868,1138839.074999999953434,1
334,2658307.152439999859780,1138839.134150000056252,1
335,2660192.000000000000000,1138841.000000000000000,1
336,2658265.648260000161827,1138840.752910000039265,1
337,2658615.070749999955297,1138842.872639999957755,1
338,2659952.235309999901801,1138842.879620000021532,1
339,2658219.704549999907613,1138848.083330000052229,1
340,2658255.401519999839365,1138849.295450000092387,1
341,2658555.740290000103414,1138849.070390000008047,1
342,2658242.375000000000000,1138851.666669999947771,1
343,2659881.500000000000000,1138854.000000000000000,1
344,2658147.439319999888539,1138855.201459999894723,1
345,2658338.000000000000000,1138857.350000000093132,1
346,2658415.000000000000000,1138857.500000000000000,1
347,2660005.375000000000000,1138854.250000000000000,1
348,2658484.850000000093132,1138857.616669999901205,1
349,2658726.250000000000000,1138858.620369999902323,1
350,2658620.625000000000000,1138863.284089999971911,1
351,2658197.195210000034422,1138862.417810000013560,1
352,2658437.227779999841005,1138869.583330000052229,1
353,2658484.937500000000000,1138869.729169999947771,1
354,2658538.016669999808073,1138870.405560000101104,1
355,2658334.589290000032634,1138872.660709999967366,1
356,2659881.700480000115931,1138865.188409999944270,1
357,2658463.054880000185221,1138873.445120000047609,1
358,2658643.442979999817908,1138873.653510000091046,1
359,2658635.583329999819398,1138877.550000000046566,1
360,2658897.942309999838471,1138877.041209999937564,1
361,2658692.889239999931306,1138877.493669999996200,1
362,2657303.750000000000000,1138881.250000000000000,1
363,2658719.485290000215173,1138884.397060000104830,1
364,2658733.625000000000000,1138862.750000000000000,1
365,2658335.293479999992996,1138886.793479999992996,1
366,2658407.000000000000000,1138887.687500000000000,1
367,2658381.046300000045449,1138889.712959999917075,1
368,2658888.957140000071377,1138875.873210000107065,1
369,2658457.041040000040084,1138889.152990000089630,1
370,2658578.659090000204742,1138889.238640000112355,1
371,2658451.314100000075996,1138893.108969999942929,1
372,2660185.000000000000000,1138892.750000000000000,1
373,2658353.250000000000000,1138895.000000000000000,1
374,2660732.500000000000000,1138893.708450000034645,1
375,2658442.443880000151694,1138901.729589999886230,1
376,2660180.388319999910891,1138901.840610000072047,1
377,2658909.496580000035465,1138901.434929999988526,1
378,2658847.750000000000000,1138894.250000000000000,1
379,2658709.480769999790937,1138904.878209999995306,1
380,2658427.132350000087172,1138905.750000000000000,1
381,2660798.879809999838471,1138904.923080000095069,1
382,2658851.986839999910444,1138908.881580000044778,1
383,2658251.500000000000000,1138910.553569999989122,1
384,2658348.637759999837726,1138908.906459999969229,1
385,2658374.194440000224859,1138911.361109999939799,1
386,2658844.512430000118911,1138908.001380000030622,1
387,2658859.485849999822676,1138909.117920000106096,1
388,2658867.944920000154525,1138909.978810000000522,1
389,2658414.635710000060499,1138912.464290000032634,1
390,2660170.500000000000000,1138911.780959999887273,1
391,2660039.375000000000000,1138914.250000000000000,1
392,2660165.250409999862313,1138914.592059999937192,1
393,2658459.625000000000000,1138914.250000000000000,1
394,2658852.850000000093132,1138916.310000000055879,1
395,2658431.125000000000000,1138915.250000000000000,1
396,2658856.546879999805242,1138917.421880000038072,1
397,2658247.047869999893010,1138920.313830000115559,1
398,2658865.064290000125766,1138919.600000000093132,1
399,2658264.000000000000000,1138917.750000000000000,1
400,2658243.250000000000000,1138922.000000000000000,1
401,2658871.250000000000000,1138924.543479999992996,1
402,2658322.000000000000000,1138927.750000000000000,1
403,2660061.000000000000000,1138929.500000000000000,1
404,2658276.750000000000000,1138929.139530000044033,1
405,2658337.375000000000000,1138926.250000000000000,1
406,2658958.716669999994338,1138932.100000000093132,1
407,2660019.250000000000000,1138933.750000000000000,1
408,2658853.486510000191629,1138929.104770000092685,1
409,2658642.741489999927580,1138933.090430000098422,1
410,2660026.433329999912530,1138938.122220000019297,1
411,2658348.138890000060201,1138940.277779999887571,1
412,2658239.287039999850094,1138938.867279999889433,1
413,2658320.568750000093132,1138940.331250000046566,1
414,2659088.086730000097305,1138940.219389999983832,1
415,2658346.875000000000000,1138943.500000000000000,1
416,2658268.989130000118166,1138944.206520000007004,1
417,2658953.125000000000000,1138943.750000000000000,1
418,2658915.941300000064075,1138944.502169999992475,1
419,2658925.250000000000000,1138946.722220000112429,1
420,2658250.985290000215173,1138947.691180000081658,1
421,2658383.280489999800920,1138946.646339999977499,1
422,2658283.361740000080317,1138946.710230000084266,1
423,2658371.290320000145584,1138948.334680000087246,1
424,2658905.223910000175238,1138939.536959999939427,1
425,2658922.175929999910295,1138951.138890000060201,1
426,2658396.000000000000000,1138944.500000000000000,1
427,2658266.831819999963045,1138954.250000000000000,1
428,2658255.875000000000000,1138949.750000000000000,1
429,2658894.162789999973029,1138954.837210000026971,1
430,2658543.750000000000000,1138931.750000000000000,1
431,2660580.494369999971241,1138952.727489999961108,1
432,2658860.040320000145584,1138957.750000000000000,1
433,2659037.430000000167638,1138956.949999999953434,1
434,2657019.000000000000000,1138959.000000000000000,1
435,2658810.132350000087172,1138960.926470000064000,1
436,2657273.928569999989122,1138963.964290000032634,1
437,2658472.499640000052750,1138960.051459999987856,1
438,2658249.141299999784678,1138965.945649999892339,1
439,2658312.375000000000000,1138964.000000000000000,1
440,2658966.939009999856353,1138960.242550000082701,1
441,2659016.037039999850094,1138962.895060000009835,1
442,2658529.808139999862760,1138966.936049999902025,1
443,2658299.166670000180602,1138969.041669999947771,1
444,2657286.250000000000000,1138973.750000000000000,1
445,2657316.537500000093132,1138976.899999999906868,1
446,2658871.475000000093132,1138976.824999999953434,1
447,2658948.228569999802858,1138976.339290000032634,1
448,2660657.147439999971539,1138975.467949999962002,1
449,2658895.875000000000000,1138968.250000000000000,1
450,2658465.000000000000000,1138980.250000000000000,1
451,2659034.264289999846369,1138980.464290000032634,1
452,2658576.614409999921918,1138980.436440000077710,1
453,2658310.575000000186265,1138986.524999999906868,1
454,2658814.482139999978244,1138986.553569999989122,1
455,2658868.815220000222325,1138987.554350000107661,1
456,2658547.750000000000000,1138988.750000000000000,1
457,2658857.423080000095069,1138988.865380000090227,1
458,2658907.138059999793768,1138990.347009999910370,1
459,2658591.024189999792725,1138995.465049999998882,1
460,2657299.957599999848753,1138997.393269999884069,1
461,2658536.539470000192523,1139006.018420000094920,1
462,2658857.335709999781102,1139008.250000000000000,1
463,2658559.198450000025332,1139006.203609999967739,1
464,2660541.687739999964833,1139006.221700000111014,1
465,2658370.986839999910444,1139011.460530000040308,1
466,2658476.000000000000000,1139008.500000000000000,1
467,2658565.750000000000000,1139012.750000000000000,1
468,2658357.375000000000000,1139010.500000000000000,1
469,2658869.722759999800473,1139010.434290000004694,1
470,2658572.732460000086576,1139013.442980000050738,1
471,2658715.250000000000000,1139014.916669999947771,1
472,2658371.250000000000000,1139017.000000000000000,1
473,2658556.853449999820441,1139017.922410000115633,1
474,2659074.670119999907911,1138998.738529999973252,1
475,2658538.153359999880195,1139019.922269999980927,1
476,2658784.250000000000000,1139023.500000000000000,1
477,2658357.000000000000000,1139028.500000000000000,1
478,2658540.926469999831170,1139031.720590000040829,1
479,2660571.000000000000000,1139031.250000000000000,1
480,2659014.835260000079870,1139014.678619999904186,1
481,2659126.508530000224710,1139040.105569999897853,1
482,2658417.914809999987483,1139038.959259999915957,1
483,2658444.731480000074953,1139045.175929999910295,1
484,2658493.611109999939799,1139046.083330000052229,1
485,2660530.547970000188798,1139035.536340000107884,1
486,2658368.309700000099838,1139044.876870000036433,1
487,2658516.828129999805242,1139048.125000000000000,1
488,2659066.500000000000000,1139032.000000000000000,1
489,2659124.031479999888688,1139048.042589999968186,1
490,2658443.482139999978244,1139051.642860000021756,1
491,2658781.537719999905676,1139040.750000000000000,1
492,2659224.472219999879599,1139052.555560000007972,1
493,2659179.000000000000000,1139054.750000000000000,1
494,2659190.347990000154823,1139054.070159999886528,1
495,2657307.250000000000000,1139057.000000000000000,1
496,2658343.125000000000000,1139054.500000000000000,1
497,2658533.142860000021756,1139059.464290000032634,1
498,2658543.875000000000000,1139061.000000000000000,1
499,2660607.521809999831021,1139059.357379999943078,1
500,2658351.808819999918342,1139062.955880000023171,1
501,2658770.236109999939799,1139061.743060000007972,1
502,2658941.437500000000000,1139064.250000000000000,1
503,2658335.437859999947250,1139062.273120000027120,1
504,2659191.125000000000000,1139065.250000000000000,1
505,2658365.455130000133067,1139067.878209999995306,1
506,2658952.171050000004470,1139069.592110000085086,1
507,2659060.750000000000000,1139057.000000000000000,1
508,2658549.009399999864399,1139071.148499999893829,1
509,2658382.000000000000000,1139069.750000000000000,1
510,2658654.991940000094473,1139072.919350000098348,1
511,2658978.123420000076294,1139076.382909999927506,1
512,2659006.250000000000000,1139077.931820000056177,1
513,2658573.000000000000000,1139078.500000000000000,1
514,2658970.659090000204742,1139078.670450000092387,1
515,2660587.692110000178218,1139078.813159999903291,1
516,2658567.607139999978244,1139079.571430000010878,1
517,2658489.750000000000000,1139081.500000000000000,1
518,2659118.750000000000000,1139078.000000000000000,1
519,2659064.000000000000000,1139081.500000000000000,1
520,2659126.557690000161529,1139081.740380000090227,1
521,2658386.536760000046343,1139082.632350000087172,1
522,2659091.166029999963939,1139084.448469999944791,1
523,2658363.649730000179261,1139083.231029999908060,1
524,2658969.021430000197142,1139090.592859999975190,1
525,2659116.193400000222027,1139094.382079999893904,1
526,2659330.875000000000000,1139098.199999999953434,1
527,2658356.541999999899417,1139097.962000000057742,1
528,2659004.037039999850094,1139099.611109999939799,1
529,2659061.824909999966621,1139097.725659999996424,1
530,2658949.000000000000000,1139103.750000000000000,1
531,2659054.154349999967963,1139103.015219999942929,1
532,2658647.000000000000000,1139101.500000000000000,1
533,2659000.480769999790937,1139110.115380000090227,1
534,2659053.724359999876469,1139113.352560000028461,1
535,2657376.781250000000000,1139115.296880000038072,1
536,2658576.833329999819398,1139117.050000000046566,1
537,2658717.904140000231564,1139114.983079999918118,1
538,2658645.000000000000000,1139119.250000000000000,1
539,2658657.770829999819398,1139119.458330000052229,1
540,2659283.982139999978244,1139119.089290000032634,1
541,2658651.464290000032634,1139121.568680000025779,1
542,2658646.416670000180602,1139124.265150000108406,1
543,2659392.500000000000000,1139126.500000000000000,1
544,2657357.013890000060201,1139128.875000000000000,1
545,2659286.544120000209659,1139129.132350000087172,1
546,2659293.968249999918044,1139125.970239999936894,1
547,2658624.429899999871850,1139121.262970000039786,1
548,2659389.250000000000000,1139132.750000000000000,1
549,2658756.500000000000000,1139138.250000000000000,1
550,2658614.698720000218600,1139138.647439999971539,1
551,2658730.912159999832511,1139142.993239999981597,1
552,2659269.039470000192523,1139143.671050000004470,1
553,2658655.438639999832958,1139135.269700000062585,1
554,2658643.250000000000000,1139137.000000000000000,1
555,2659099.027780000120401,1139147.626540000084788,1
556,2659110.500000000000000,1139148.750000000000000,1
557,2658645.486359999980778,1139153.759090000065044,1
558,2659110.407889999914914,1139156.723680000053719,1
559,2659087.776670000050217,1139156.516670000040904,1
560,2658656.500000000000000,1139155.750000000000000,1
561,2656772.243240000214428,1139163.560809999937192,1
562,2657127.074750000145286,1139162.956699999980628,1
563,2659083.131819999776781,1139162.372729999944568,1
564,2659152.981709999963641,1139166.250000000000000,1
565,2658850.325000000186265,1139173.800000000046566,1
566,2659306.173080000095069,1139172.740380000090227,1
567,2657094.132350000087172,1139173.093140000011772,1
568,2657200.226790000218898,1139169.185710000107065,1
569,2660493.192840000148863,1139175.810650000115857,1
570,2659269.562500000000000,1139180.125000000000000,1
571,2656696.750000000000000,1139188.500000000000000,1
572,2657099.250000000000000,1139189.532610000111163,1
573,2659692.326919999904931,1139190.673080000095069,1
574,2658935.905170000158250,1139192.905169999925420,1
575,2659527.750000000000000,1139194.500000000000000,1
576,2657102.620970000047237,1139198.637099999934435,1
577,2656937.750000000000000,1139199.750000000000000,1
578,2658857.737540000118315,1139204.442700000014156,1
579,2656734.919530000071973,1139202.977470000041649,1
580,2657184.364649999886751,1139206.445009999908507,1
581,2659108.484379999805242,1139214.585939999902621,1
582,2659254.575000000186265,1139219.537500000093132,1
583,2659338.702380000147969,1139223.265870000002906,1
584,2658858.759430000092834,1139227.297169999917969,1
585,2659316.168860000092536,1139226.089910000097007,1
586,2656740.603449999820441,1139228.405169999925420,1
587,2656803.916670000180602,1139233.291669999947771,1
588,2656869.375000000000000,1139232.500000000000000,1
589,2657113.560339999850839,1139242.870690000010654,1
590,2657111.277780000120401,1139245.111109999939799,1
591,2657232.542789999861270,1139243.290539999958128,1
592,2656811.147609999869019,1139247.403769999975339,1
593,2656879.479319999925792,1139248.953010000055656,1
594,2658932.006940000224859,1139251.531250000000000,1
595,2659506.697370000183582,1139255.013160000089556,1
596,2657100.875000000000000,1139251.000000000000000,1
597,2656611.395229999907315,1139253.908980000065640,1
598,2656618.012420000042766,1139264.429629999911413,1
599,2659302.402170000132173,1139268.010870000114664,1
600,2656628.269230000209063,1139268.038459999952465,1
601,2656624.057709999848157,1139269.719999999972060,1
602,2659853.104170000180602,1139271.302080000052229,1
603,2659364.669350000098348,1139275.250000000000000,1
604,2656666.125000000000000,1139279.750000000000000,1
605,2656645.549920000135899,1139284.544359999941662,1
606,2659329.019230000209063,1139288.625000000000000,1
607,2659266.130950000137091,1139292.833330000052229,1
608,2659875.000000000000000,1139290.250000000000000,1
609,2659178.674240000080317,1139296.356059999903664,1
610,2659789.360760000068694,1139288.100910000037402,1
611,2659458.764489999972284,1139297.141300000017509,1
612,2659276.750000000000000,1139299.483329999959096,1
613,2656757.942309999838471,1139302.307689999928698,1
614,2656730.434779999777675,1139303.163040000014007,1
615,2657060.192309999838471,1139304.192310000071302,1
616,2659249.954549999907613,1139308.340910000028089,1
617,2656731.344589999876916,1139308.047299999976531,1
618,2656804.083329999819398,1139315.194439999992028,1
619,2659873.767049999907613,1139313.295450000092387,1
620,2656740.288459999952465,1139316.653849999886006,1
621,2659446.113640000112355,1139318.800509999971837,1
622,2659842.125000000000000,1139322.250000000000000,1
623,2659333.902170000132173,1139330.184780000010505,1
624,2659461.369049999862909,1139330.154760000063106,1
625,2659279.302509999834001,1139320.641109999967739,1
626,2659277.010869999881834,1139340.467389999888837,1
627,2659347.000000000000000,1139340.840910000028089,1
628,2659684.570220000110567,1139333.765940000070259,1
629,2659822.613129999954253,1139347.593580000102520,1
630,2659889.756839999929070,1139345.428709999890998,1
631,2659658.149999999906868,1139351.697059999918565,1
632,2659289.500000000000000,1139357.500000000000000,1
633,2660011.446899999864399,1139356.466809999896213,1
634,2660100.108490000013262,1139367.599059999920428,1
635,2659928.000000000000000,1139370.000000000000000,1
636,2659999.448900000192225,1139369.866480000084266,1
637,2660067.114579999819398,1139379.385419999947771,1
638,2660095.438459999859333,1139378.149999999906868,1
639,2660046.834809999912977,1139384.670489999931306,1
640,2659519.807690000161529,1139388.480770000023767,1
641,2660016.287880000192672,1139386.388890000060201,1
642,2659752.966349999886006,1139382.384129999903962,1
643,2660021.060339999850839,1139392.905169999925420,1
644,2660699.625000000000000,1139392.000000000000000,1
645,2659530.715020000003278,1139391.603910000063479,1
646,2660057.941360000055283,1139393.638890000060201,1
647,2660707.000000000000000,1139396.250000000000000,1
648,2660710.661760000046343,1139395.779409999959171,1
649,2659749.375000000000000,1139395.500000000000000,1
650,2659629.455879999790341,1139399.102939999895170,1
651,2659774.031250000000000,1139397.882810000097379,1
652,2659787.467670000158250,1139398.025859999936074,1
653,2659761.062500000000000,1139400.947919999947771,1
654,2659429.000000000000000,1139402.000000000000000,1
655,2659969.728720000013709,1139409.388299999991432,1
656,2660058.600000000093132,1139409.824999999953434,1
657,2659680.741069999989122,1139409.422620000084862,1
658,2659705.045650000218302,1139410.836959999985993,1
659,2659677.375000000000000,1139413.854169999947771,1
660,2659410.372219999786466,1139414.616669999901205,1
661,2659756.366280000191182,1139418.476740000071004,1
662,2659688.875000000000000,1139405.250000000000000,1
663,2660010.000000000000000,1139420.500000000000000,1
664,2659606.471049999818206,1139424.371049999957904,1
665,2660015.071430000010878,1139426.833330000052229,1
666,2659712.769909999798983,1139427.314160000067204,1
667,2660032.997690000105649,1139428.310190000105649,1
668,2659727.671870000194758,1139433.515619999961928,1
669,2659568.317900000140071,1139432.861109999939799,1
670,2660046.000000000000000,1139447.250000000000000,1
671,2659794.933490000199527,1139455.291280000004917,1
672,2659775.875000000000000,1139457.500000000000000,1
673,2659614.828949999995530,1139463.223680000053719,1
674,2659917.500000000000000,1139467.250000000000000,1
675,2659620.117999999783933,1139467.918000000063330,1
676,2659613.656250000000000,1139488.101560000097379,1
677,2660071.369049999862909,1139493.940480000106618,1
678,2660050.885480000171810,1139496.146769999992102,1
679,2660152.891890000086278,1139500.939190000062808,1
680,2659824.535709999967366,1139503.907140000024810,1
681,2661032.003800000064075,1139507.207459999946877,1
682,2659495.090139999985695,1139509.035709999967366,1
683,2660783.863640000112355,1139515.795450000092387,1
684,2660061.391830000095069,1139514.513610000023618,1
685,2660368.234290000051260,1139519.895930000115186,1
686,2660142.229170000180602,1139520.093750000000000,1
687,2659637.396339999977499,1139524.871950000058860,1
688,2659897.355560000054538,1139522.945830000098795,1
689,2659617.375000000000000,1139529.000000000000000,1
690,2660778.875000000000000,1139531.250000000000000,1
691,2659906.125000000000000,1139538.250000000000000,1
692,2660213.500000000000000,1139569.000000000000000,1
693,2660263.500000000000000,1139570.472220000112429,1
694,2660321.789059999864548,1139570.046880000038072,1
695,2659968.760819999966770,1139816.927529999986291,1
696,2660310.031609999947250,1139604.617820000043139,1
697,2660345.121650000102818,1139603.462640000041574,1
698,2660381.500000000000000,1139615.250000000000000,1
699,2660369.125000000000000,1139613.500000000000000,1
700,2660970.500000000000000,1139615.750000000000000,1
701,2660405.008280000183731,1139616.183770000003278,1
702,2660304.830990000162274,1139614.700699999928474,1
703,2660320.363640000112355,1139619.931820000056177,1
704,2659849.937500000000000,1139621.140630000038072,1
705,2660416.750000000000000,1139628.500000000000000,1
706,2660961.396569999866188,1139632.923050000099465,1
707,2659652.158160000108182,1139636.811220000032336,1
708,2659840.553259999956936,1139639.438649999909103,1
709,2659833.728529999963939,1139640.281170000089332,1
710,2659872.113080000039190,1139640.525390000082552,1
711,2660305.959629999939352,1139638.105519999982789,1
712,2659832.054479999933392,1139645.519670000066981,1
713,2659873.674310000147671,1139649.853889999911189,1
714,2659861.760639999993145,1139651.175529999891296,1
715,2656480.191089999862015,1139655.250000000000000,1
716,2659618.250000000000000,1139654.750000000000000,1
717,2659604.654719999991357,1139644.008440000005066,1
718,2659752.011899999808520,1139655.170630000066012,1
719,2659868.368600000161678,1139657.579360000090674,1
720,2659661.641299999784678,1139660.010870000114664,1
721,2659874.413610000163317,1139662.682789999991655,1
722,2659831.927970000077039,1139664.216100000077859,1
723,2659671.620370000135154,1139666.416669999947771,1
724,2659667.144739999901503,1139668.013160000089556,1
725,2659839.318179999943823,1139667.295450000092387,1
726,2659643.250000000000000,1139663.000000000000000,1
727,2659799.875000000000000,1139661.500000000000000,1
728,2659618.439999999944121,1139667.564999999944121,1
729,2659817.990000000223517,1139672.909999999916181,1
730,2659820.875000000000000,1139673.250000000000000,1
731,2659968.042859999928623,1139672.685710000107065,1
732,2659631.407139999791980,1139679.107139999978244,1
733,2659665.625000000000000,1139679.250000000000000,1
734,2659909.226470000110567,1139680.102939999895170,1
735,2660408.768070000223815,1139681.346390000078827,1
736,2659648.846439999993891,1139678.226999999955297,1
737,2656473.586209999863058,1139687.801720000104979,1
738,2659853.000000000000000,1139688.000000000000000,1
739,2659961.913699999917299,1139689.858539999928325,1
740,2660553.384939999785274,1139696.853270000079647,1
741,2659788.250000000000000,1139693.500000000000000,1
742,2660013.583329999819398,1139700.338890000013635,1
743,2659809.461399999912828,1139694.216749999905005,1
744,2659826.310289999935776,1139697.604109999956563,1
745,2659881.937500000000000,1139709.031250000000000,1
746,2659903.851890000049025,1139711.620779999997467,1
747,2660151.075000000186265,1139713.050000000046566,1
748,2659816.451210000086576,1139714.474080000072718,1
749,2659811.592639999929816,1139710.408409999916330,1
750,2660149.500000000000000,1139715.250000000000000,1
751,2660984.625000000000000,1139719.250000000000000,1
752,2659901.054880000185221,1139719.951219999929890,1
753,2656558.750000000000000,1139722.000000000000000,1
754,2660789.111359999980778,1139720.895449999952689,1
755,2660061.065789999905974,1139722.888160000089556,1
756,2659875.832280000206083,1139725.022150000091642,1
757,2659821.000000000000000,1139721.000000000000000,1
758,2659839.378049999941140,1139725.813610000070184,1
759,2659832.729170000180602,1139729.583330000052229,1
760,2660887.141629999969155,1139727.096009999979287,1
761,2660897.919999999925494,1139736.250000000000000,1
762,2660752.125000000000000,1139738.250000000000000,1
763,2659854.897319999989122,1139737.011159999994561,1
764,2660539.077529999893159,1139742.030569999944419,1
765,2660548.047489999793470,1139746.429149999981746,1
766,2659891.047979999799281,1139744.423620000015944,1
767,2660778.142760000191629,1139755.390859999926761,1
768,2659898.125000000000000,1139756.750000000000000,1
769,2660585.382029999978840,1139755.260789999971166,1
770,2660715.785709999967366,1139759.892860000021756,1
771,2660786.109219999983907,1139761.143200000049546,1
772,2660651.400789999868721,1139763.900790000101551,1
773,2662011.250000000000000,1139767.500000000000000,1
774,2660642.298779999837279,1139765.144309999886900,1
775,2659830.259089999832213,1139772.181820000056177,1
776,2656623.250000000000000,1139773.500000000000000,1
777,2660456.583329999819398,1139783.295450000092387,1
778,2660281.625000000000000,1139784.500000000000000,1
779,2659989.162349999882281,1139777.936759999953210,1
780,2660895.750000000000000,1139789.633519999915734,1
781,2660184.875000000000000,1139788.250000000000000,1
782,2660672.427329999860376,1139793.561049999902025,1
783,2660553.296509999781847,1139796.924420000053942,1
784,2660162.498449999839067,1139795.349380000028759,1
785,2660116.060879999771714,1139799.952070000115782,1
786,2660621.529999999795109,1139805.290000000037253,1
787,2660324.845509999897331,1139805.185389999998733,1
788,2659861.722409999929368,1139806.723239999962971,1
789,2655863.500000000000000,1139808.250000000000000,1
790,2660619.770409999880940,1139811.137550000101328,1
791,2660201.477270000148565,1139817.181820000056177,1
792,2660036.683329999912530,1139818.066670000087470,1
793,2655881.500000000000000,1139820.000000000000000,1
794,2660169.559520000126213,1139821.035709999967366,1
795,2660345.968750000000000,1139820.166669999947771,1
796,2660203.206520000007004,1139822.206520000007004,1
797,2660177.824440000113100,1139819.712079999968410,1
798,2660169.870000000111759,1139826.989999999990687,1
799,2660360.865379999857396,1139826.942310000071302,1
800,2660360.950000000186265,1139830.850000000093132,1
801,2660928.030150000005960,1139838.389389999909326,1
802,2660223.641890000086278,1139845.020269999979064,1
803,2660177.008409999776632,1139837.297830000054091,1
804,2660647.820859999861568,1139841.097589999902993,1
805,2660183.694440000224859,1139848.061109999893233,1
806,2660205.820480000227690,1139846.567180000012740,1
807,2660245.434210000094026,1139851.842110000085086,1
808,2660268.649999999906868,1139849.702169999945909,1
809,2655788.642959999851882,1139852.125749999890104,1
810,2660351.500000000000000,1139845.750000000000000,1
811,2660928.872090000193566,1139852.180070000002161,1
812,2660059.654279999900609,1139854.274690000107512,1
813,2660013.661059999838471,1139853.055290000047535,1
814,2660196.643720000050962,1139855.128150000004098,1
815,2660884.583329999819398,1139857.435190000105649,1
816,2660858.535709999967366,1139862.196430000010878,1
817,2660857.500000000000000,1139865.500000000000000,1
818,2660861.848590000066906,1139868.595070000039414,1
819,2656577.536669999826699,1139869.783330000005662,1
820,2660257.137070000171661,1139862.880150000099093,1
821,2660233.048520000185817,1139868.529540000017732,1
822,2660331.451059999875724,1139873.276460000080988,1
823,2660222.250000000000000,1139879.940480000106618,1
824,2661859.179640000220388,1139879.556009999942034,1
825,2660004.982989999931306,1139846.602710000006482,1
826,2660301.911110000219196,1139884.624069999903440,1
827,2660285.186670000199229,1139872.489370000082999,1
828,2660321.951220000162721,1139892.659569999901578,1
829,2660270.145000000018626,1139895.145000000018626,1
830,2660304.281810000073165,1139896.986650000093505,1
831,2660246.875000000000000,1139893.500000000000000,1
832,2660419.646730000153184,1139904.176729999948293,1
833,2660891.656250000000000,1139901.742790000047535,1
834,2660319.488179999869317,1139908.431749999988824,1
835,2660280.704460000153631,1139908.903500000014901,1
836,2660420.842590000014752,1139909.953699999954551,1
837,2660272.887130000162870,1139910.080569999990985,1
838,2660282.205879999790341,1139912.823529999936000,1
839,2660988.250000000000000,1139915.750000000000000,1
840,2660435.202370000071824,1139915.427720000036061,1
841,2660263.102380000054836,1139924.573809999972582,1
842,2660296.474280000198632,1139924.111569999950007,1
843,2660950.317569999955595,1139929.398650000104681,1
844,2660338.416670000180602,1139934.015150000108406,1
845,2660322.598799999803305,1139932.751489999936894,1
846,2660398.896559999790043,1139946.560619999887422,1
847,2660407.547979999799281,1139960.537530000088736,1
848,2660940.841250000055879,1139958.679659999907017,1
849,2661052.250000000000000,1139966.750000000000000,1
850,2661051.178569999989122,1139970.630949999904260,1
851,2660429.250000000000000,1139970.126239999895915,1
852,2660399.081170000135899,1139974.645950000034645,1
853,2660407.735630000010133,1139975.414679999928921,1
854,2660291.009670000057667,1139973.628449999960139,1
855,2660485.049790000077337,1139981.899359999923036,1
856,2660427.635249999817461,1139992.790980000048876,1
857,2661098.445189999882132,1139991.252080000005662,1
858,2661103.500000000000000,1139996.847700000042096,1
859,2661107.375000000000000,1140001.377369999885559,1
860,2660509.655079999938607,1140000.739300000015646,1
861,2660494.384879999794066,1139999.508850000100210,1
862,2661090.875000000000000,1140003.250000000000000,1
863,2661100.250000000000000,1140008.750000000000000,1
864,2660496.575019999872893,1140009.216930000111461,1
865,2661082.625000000000000,1140023.500000000000000,1
866,2661103.584170000161976,1140023.976130000082776,1
867,2661092.271740000229329,1140027.489129999885336,1
868,2661367.549999999813735,1140033.175000000046566,1
869,2660449.656909999903291,1140028.368770000059158,1
870,2660520.629079999867827,1140031.122549999970943,1
871,2660585.500000000000000,1140036.500000000000000,1
872,2660569.483810000121593,1140039.682860000059009,1
873,2660502.944440000224859,1140041.097139999968931,1
874,2661320.250000000000000,1140041.750000000000000,1
875,2660517.096510000061244,1140042.001159999985248,1
876,2660533.111109999939799,1140044.013890000060201,1
877,2660572.199419999960810,1140045.082780000055209,1
878,2661138.000000000000000,1140046.750000000000000,1
879,2660380.656250000000000,1140057.375000000000000,1
880,2660627.808050000108778,1140052.593649999937043,1
881,2661127.000000000000000,1140032.000000000000000,1
882,2660511.002510000020266,1140063.943230000091717,1
883,2660639.316740000154823,1140064.548990000039339,1
884,2661077.455879999790341,1140073.397060000104830,1
885,2660555.011779999826103,1140072.525469999993220,1
886,2660622.111539999954402,1140067.842309999978170,1
887,2660404.216140000149608,1140068.115130000049248,1
888,2660666.686170000117272,1140072.842450000112876,1
889,2660604.935479999985546,1140083.806450000032783,1
890,2660678.915969999972731,1140084.724390000104904,1
891,2660704.555559999775141,1140092.111109999939799,1
892,2660549.283729999791831,1140088.418890000088140,1
893,2660497.619570000097156,1140094.369570000097156,1
894,2660696.335080000106245,1140090.807269999990240,1
895,2660645.166240000165999,1140087.800989999901503,1
896,2660438.000000000000000,1140086.182220000075176,1
897,2660592.890259999781847,1140097.653910000110045,1
898,2660449.175239999778569,1140105.911090000066906,1
899,2660662.957539999857545,1140109.167150000110269,1
900,2660490.181599999777973,1140109.106069999979809,1
901,2660647.199490000028163,1140107.117229999974370,1
902,2660462.971929999999702,1140118.629740000003949,1
903,2660497.750000000000000,1140118.250000000000000,1
904,2660453.564670000225306,1140124.180489999940619,1
905,2660690.427910000085831,1140123.920910000102594,1
906,2660702.019340000115335,1140130.488450000062585,1
907,2660431.191000000108033,1140140.750000000000000,1
908,2660717.746199999935925,1140145.070670000044629,1
909,2660622.600440000183880,1140144.550740000093356,1
910,2660311.592590000014752,1140148.814809999894351,1
911,2660700.857429999858141,1140145.618699999991804,1
912,2660400.089459999930114,1140152.695809999946505,1
913,2660651.128049999941140,1140157.109759999904782,1
914,2660708.673409999813884,1140153.544800000032410,1
915,2660761.250000000000000,1140161.000000000000000,1
916,2660390.147869999986142,1140165.116480000084266,1
917,2660556.575329999905080,1140170.859269999898970,1
918,2660731.890639999881387,1140164.750000000000000,1
919,2660700.886010000016540,1140186.440510000102222,1
920,2660772.803069999907166,1140188.094529999885708,1
921,2660781.681140000000596,1140187.354090000037104,1
922,2660539.279850000049919,1140188.824629999930039,1
923,2660737.749919999856502,1140191.087180000031367,1
924,2660713.379720000084490,1140191.070079999975860,1
925,2660758.615530000068247,1140193.557779999915510,1
926,2660703.264020000118762,1140192.186969999922439,1
927,2660875.475010000169277,1140199.036099999910221,1
928,2660847.171769999898970,1140212.295660000061616,1
929,2660867.130570000037551,1140213.494579999940470,1
930,2660581.241760000120848,1140213.659340000012890,1
931,2660843.411019999999553,1140217.283899999922141,1
932,2660600.182500000111759,1140199.435220000101253,1
933,2660635.504490000195801,1140214.996180000016466,1
934,2660622.707549999933690,1140216.420979999937117,1
935,2660832.510079999919981,1140224.259039999917150,1
936,2660817.085049999877810,1140224.188510000007227,1
937,2660869.599349999800324,1140223.667050000047311,1
938,2660901.909370000008494,1140225.750000000000000,1
939,2660646.730990000069141,1140228.400360000086948,1
940,2660839.392709999810904,1140227.591460000025108,1
941,2660584.860489999875426,1140226.218360000057146,1
942,2660611.982749999966472,1140231.662740000057966,1
943,2660842.227049999870360,1140235.722360000014305,1
944,2660652.017500000074506,1140243.569429999915883,1
945,2660622.071250000037253,1140242.778339999960735,1
946,2660609.564530000090599,1140260.282739999936894,1
947,2660693.679349999874830,1140262.288040000014007,1
948,2660882.166970000136644,1140262.458540000021458,1
949,2660733.920640000142157,1140263.497969999909401,1
950,2660747.125000000000000,1140268.418039999902248,1
951,2660649.790599999949336,1140275.681480000028387,1
952,2660609.499890000093728,1140278.168129999889061,1
953,2660616.139090000186116,1140283.067520000040531,1
954,2660816.000000000000000,1140285.000000000000000,1
955,2660758.468350000213832,1140284.739580000052229,1
956,2660773.746710000094026,1140285.146070000017062,1
957,2660791.264030000194907,1140288.006220000097528,1
958,2660885.000000000000000,1140292.250000000000000,1
959,2660869.750000000000000,1140314.000000000000000,1
960,2660818.541650000028312,1140326.582129999995232,1
961,2660826.193279999773949,1140329.496030000038445,1
962,2660844.919679999817163,1140335.282529999967664,1
963,2660926.375000000000000,1140344.750000000000000,1
964,2660936.101850000210106,1140359.444439999992028,1
965,2660922.125000000000000,1140367.250000000000000,1
966,2660985.115710000041872,1140377.154289999976754,1
967,2661038.521370000205934,1140392.515989999985322,1
968,2660884.518070000223815,1140403.540770000079647,1
969,2661047.501279999967664,1140402.933780000079423,1
970,2660904.242839999962598,1140408.228580000111833,1
971,2660909.895659999921918,1140409.119630000088364,1
972,2661019.177589999977499,1140409.901719999965280,1
973,2660999.271740000229329,1140411.163040000014007,1
974,2660982.587309999857098,1140411.904069999931380,1
975,2661024.412589999847114,1140415.950750000076368,1
976,2661014.074680000077933,1140429.048699999926612,1
977,2661060.617740000132471,1140425.727419999893755,1
978,2660959.686910000164062,1140436.054250000044703,1
979,2661119.769230000209063,1140441.961540000047535,1
980,2661133.869719999842346,1140441.235919999890029,1
981,2661012.858190000057220,1140442.390350000001490,1
982,2661042.154459999874234,1140450.138530000112951,1
983,2660986.048969999887049,1140444.051710000028834,1
984,2661046.708329999819398,1140455.156250000000000,1
985,2661236.000000000000000,1140459.000000000000000,1
986,2661085.250000000000000,1140452.750000000000000,1
987,2661048.326390000060201,1140463.725689999992028,1
988,2661017.131759999785572,1140461.934739999938756,1
989,2661005.740699999965727,1140471.362990000052378,1
990,2661072.518290000036359,1140476.603660000022501,1
991,2661087.260639999993145,1140481.372340000001714,1
992,2661281.515680000185966,1140489.245050000026822,1
993,2661176.000000000000000,1140484.233890000032261,1
994,2661193.155329999979585,1140501.780090000014752,1
995,2661312.944440000224859,1140508.472220000112429,1
996,2661233.452599999960512,1140489.887589999940246,1
997,2661334.261899999808520,1140516.488099999958649,1
998,2661116.509049999993294,1140513.942629999946803,1
999,2661266.249429999850690,1140516.794860000023618,1
1000,2661114.201630000025034,1140526.554449999937788,1
1001,2661295.961970000062138,1140530.237170000094920,1
1002,2661255.145909999962896,1140553.706699999980628,1
1003,2661449.599059999920428,1140588.187110000057146,1
1004,2661448.703129999805242,1140596.968750000000000,1
1005,2661270.040120000019670,1140578.317680000094697,1
1006,2661341.125000000000000,1140617.750000000000000,1
1007,2661272.883330000098795,1140635.508330000098795,1
1008,2661325.596189999952912,1140631.103910000063479,1
1009,2661270.864860000088811,1140648.324319999897853,1
1010,2661355.001579999923706,1140657.205700000049546,1
1011,2661386.915219999849796,1140670.376500000013039,1
1012,2661438.619229999836534,1140681.342309999978170,1
1013,2661378.381149999797344,1140691.840159999905154,1
1014,2661426.828980000223964,1140686.960119999945164,1
1015,2661288.329270000103861,1140688.953250000020489,1
1016,2661370.502429999876767,1140707.283980000065640,1
1017,2662529.270500000100583,1141029.059959999984130,1
1018,2662528.598309999797493,1141038.360469999955967,1
1019,2662534.640620000194758,1141050.531250000000000,1
1020,2662187.958329999819398,1141051.979169999947771,1
1021,2662568.840909999795258,1141107.037879999959841,1
1022,2662313.019780000206083,1141158.999640000052750,1