FID,CID,x,y,lslpts
0,0,2656301.356170000042766,1139955.451099999947473,0
1,0,2661032.825370000209659,1140584.962390000000596,0
2,0,2656434.874220000114292,1139853.574040000094101,0
3,0,2658094.671209999825805,1137401.085560000035912,0
4,0,2662530.202870000153780,1141459.173389999894425,0
5,0,2658215.947809999808669,1139679.807950000045821,0
6,0,2658942.961780000012368,1139757.569339999929070,0
7,0,2656462.190549999941140,1139971.520530000096187,0
8,0,2660085.418130000121891,1138665.959169999929145,0
9,0,2660317.156239999923855,1139148.442740000085905,0
10,0,2656832.870879999827594,1139720.214410000015050,0
11,0,2660943.910550000146031,1140848.748459999915212,0
12,0,2656912.116299999877810,1137877.810210000025108,0
13,0,2659172.465909999795258,1139306.855840000091121,0
14,0,2659188.000210000202060,1139511.235559999942780,0
15,0,2660096.236560000106692,1138987.209920000052080,0
16,0,2658103.531030000187457,1139021.570490000071004,0
17,0,2658345.324779999908060,1139508.062840000027791,0
18,0,2661944.380119999870658,1141200.812279999954626,0
19,0,2659235.034320000093430,1139696.115590000059456,0
20,0,2658613.442199999932200,1138112.578949999995530,0
21,0,2660194.273419999983162,1139932.732319999951869,0
22,0,2657734.995180000085384,1138952.911559999920428,0
23,0,2660811.044639999978244,1138708.161199999973178,0
24,0,2656969.289799999911338,1139646.083589999936521,0
25,0,2660083.173669999931008,1139541.093520000111312,0
26,0,2660596.598999999929219,1138987.785519999917597,0
27,0,2658904.146850000135601,1139742.916939999908209,0
28,0,2658717.199370000045747,1138798.500290000112727,0
29,0,2661760.300669999793172,1140720.122680000029504,0
30,0,2658415.515629999805242,1137662.077929999912158,0
31,0,2662119.355099999811500,1141145.278750000055879,0
32,0,2657571.159640000201762,1138179.323430000105873,0
33,0,2658581.263449999969453,1139730.002099999925122,0
34,0,2657373.221559999976307,1139568.338939999928698,0
35,0,2659714.005960000213236,1138900.732370000099763,0
36,0,2657997.429250000044703,1138041.864719999954104,0
37,0,2657691.374450000002980,1137517.902569999918342,0
38,0,2658517.633189999964088,1138551.737509999889880,0
39,0,2661703.352880000136793,1140900.724619999993593,0
40,0,2659032.980140000116080,1138798.376530000008643,0
41,0,2658276.145070000085980,1138822.967279999982566,0
42,0,2660888.462299999780953,1140164.782739999936894,0
43,0,2659032.178720000199974,1138253.248320000013337,0
44,0,2659926.548320000059903,1138376.544939999934286,0
45,0,2658367.848300000187010,1138911.237889999989420,0
46,0,2658826.401279999874532,1138538.957940000109375,0
47,0,2657266.715309999883175,1137409.749899999937043,0
48,0,2659121.959799999836832,1139571.434210000094026,0
49,0,2659257.581290000118315,1138478.625209999969229,0
50,0,2659575.502249999903142,1138459.026049999985844,0
51,0,2660402.521610000170767,1140175.231300000101328,0
52,0,2660267.838920000009239,1140341.615139999892563,0
53,0,2657234.780640000011772,1138105.752139999996871,0
54,0,2660228.781340000219643,1138851.868329999968410,0
55,0,2658340.830920000094920,1138138.460209999931976,0
56,0,2656469.389899999834597,1140014.038660000078380,0
57,0,2660509.067960000131279,1138902.325999999884516,0
58,0,2661181.401759999804199,1140627.496109999949113,0
59,0,2662058.026209999807179,1141337.648310000076890,0
60,0,2661283.389580000191927,1140174.543390000006184,0
61,0,2660462.936379999853671,1140290.782420000061393,0
62,0,2659367.131740000098944,1138275.939879999961704,0
63,0,2657326.491580000147223,1139391.840890000108629,0
64,0,2657845.775059999898076,1137660.643970000091940,0
65,0,2662364.319250000175089,1141544.749280000105500,0
66,0,2657289.151860000099987,1138983.231069999979809,0
67,0,2657605.313709999900311,1138359.661270000040531,0
68,0,2659599.821399999782443,1138483.214870000025257,0
69,0,2657050.627150000073016,1137462.649250000016764,0
70,0,2660853.502739999908954,1139950.680729999905452,0
71,0,2659681.965650000143796,1138658.617689999984577,0
72,0,2657681.626079999841750,1138626.099129999987781,0
73,0,2660968.002230000216514,1140456.870219999924302,0
74,0,2656817.718230000231415,1137888.097839999943972,0
75,0,2662497.835419999901205,1141276.987939999904484,0
76,0,2657159.151899999938905,1137295.966160000069067,0
77,0,2660938.291319999843836,1139512.890279999934137,0
78,0,2657312.721539999824017,1138248.443780000088736,0
79,0,2661718.011429999954998,1140686.286390000022948,0
80,0,2659284.372870000079274,1139416.186250000027940,0
81,0,2661039.304959999863058,1139351.896320000058040,0
82,0,2657508.713200000114739,1137445.671080000000075,0
83,0,2661054.623319999780506,1140301.298849999904633,0
84,0,2657813.865329999942333,1138518.769890000112355,0
85,0,2659795.136799999978393,1139314.715490000089630,0
86,0,2659874.935990000143647,1138569.476809999905527,0
87,0,2657438.219510000199080,1138173.360949999885634,0
88,0,2658280.263269999995828,1139610.913189999992028,0
89,0,2658391.370990000199527,1138901.488300000084564,0
90,0,2657558.804270000196993,1137704.076660000020638,0
91,0,2657446.709689999930561,1138783.942070000106469,0
92,0,2662669.838099999818951,1141328.685019999975339,0
93,0,2657671.492690000217408,1137587.480079999892041,0
94,0,2661251.259440000168979,1139653.262409999966621,0
95,0,2659618.174829999916255,1139780.932109999936074,0
96,0,2657710.475430000107735,1138708.561870000092313,0
97,0,2658732.480570000130683,1138005.654970000032336,0
98,0,2659243.947009999770671,1139342.463040000060573,0
99,0,2657923.383899999782443,1137991.064340000040829,0
100,0,2659494.601650000084192,1139102.337490000063553,0
101,0,2658086.296910000033677,1137773.964159999974072,0
102,0,2659437.472620000131428,1138185.602780000073835,0
103,0,2658418.782970000058413,1137808.469210000010207,0
104,0,2657957.722109999973327,1137415.215970000019297,0
105,0,2657681.184830000158399,1137677.259409999940544,0
106,0,2659071.998639999888837,1139684.929079999914393,0
107,0,2658482.134420000016689,1137518.515219999942929,0
108,0,2659090.403210000135005,1139135.745589999947697,0
109,0,2658433.983200000133365,1138825.728559999959543,0
110,0,2658359.333240000065416,1137661.245510000037029,0
111,0,2659325.035629999823868,1139206.063000000081956,0
112,0,2661825.230330000165850,1141274.456650000065565,0
113,0,2657707.451160000171512,1137337.271979999961331,0
114,0,2658687.764229999855161,1139098.357629999984056,0
115,0,2661334.839749999810010,1140175.049200000008568,0
116,0,2658001.564730000216514,1138887.150609999895096,0
117,0,2657674.279500000178814,1138541.344499999890104,0
118,0,2661761.830360000021756,1140758.356300000101328,0
119,0,2659283.010350000113249,1139240.108809999888763,0
120,0,2660449.097550000064075,1138962.254369999980554,0
121,0,2658651.498579999897629,1137562.515769999939948,0
122,0,2658870.489289999939501,1138141.692629999946803,0
123,0,2660463.422499999869615,1139885.108699999982491,0
124,0,2660191.579299999866635,1138727.886200000066310,0
125,0,2657526.280470000114292,1139324.961230000015348,0
126,0,2657911.682219999842346,1138043.618569999933243,0
127,0,2658177.391410000156611,1138630.731039999984205,0
128,0,2662358.273419999983162,1141544.912990000098944,0
129,0,2658037.439149999991059,1137574.565320000052452,0
130,0,2658252.544029999990016,1139518.680560000007972,0
131,0,2661216.334499999880791,1139436.370880000060424,0
132,0,2659104.053270000033081,1138411.596249999944121,0
133,0,2658521.392880000174046,1139797.002030000090599,0
134,0,2658478.431069999933243,1138122.268669999903068,0
135,0,2661925.029660000000149,1140066.968989999964833,0
136,0,2657350.497709999792278,1139406.765720000024885,0
137,0,2658422.679200000129640,1139617.921109999995679,0
138,0,2658197.796019999776036,1138994.270030000014231,0
139,0,2656714.995709999930114,1140001.315810000058264,0
140,0,2660938.775109999813139,1139894.618430000031367,0
141,0,2662582.296779999975115,1141200.371779999928549,0
142,0,2657769.973489999771118,1138639.132770000025630,0
143,0,2661044.903070000000298,1139487.916459999978542,0
144,0,2661634.392909999936819,1140610.819469999987632,0
145,0,2660449.768149999901652,1138984.091530000092462,0
146,0,2659471.130849999841303,1138752.028040000004694,0
147,0,2660496.763019999954849,1140027.217650000005960,0
148,0,2660414.923729999922216,1140141.692449999973178,0
149,0,2662119.592050000093877,1141159.603379999985918,0
150,0,2658372.181820000056177,1137506.495790000073612,0
151,0,2660487.775249999947846,1139748.045579999918118,0
152,0,2657792.749880000017583,1138053.919840000104159,0
153,0,2659111.247690000105649,1138640.805880000116304,0
154,0,2656743.528440000023693,1139775.282570000039414,0
155,0,2660004.592939999885857,1139924.714889999944717,0
156,0,2660536.764229999855161,1140609.720489999977872,0
157,0,2659306.796999999787658,1139308.302290000021458,0
158,0,2662594.388249999843538,1141426.155689999926835,0
159,0,2657989.263410000130534,1138825.910609999904409,0
160,0,2658577.232429999858141,1138681.110649999929592,0
161,0,2659701.600120000075549,1138906.127390000037849,0
162,0,2658431.823749999981374,1137790.509219999890774,0
163,0,2659641.274550000205636,1138168.184129999950528,0
164,0,2658912.301109999883920,1137824.169699999969453,0
165,0,2660305.060500000137836,1139522.864019999979064,0
166,0,2658367.378080000169575,1138282.219659999944270,0
167,0,2659592.970269999932498,1139481.242599999997765,0
168,0,2657596.972800000105053,1139272.059600000036880,0
169,0,2658629.621379999909550,1137626.586910000070930,0
170,0,2657688.576260000001639,1139300.562750000040978,0
171,0,2660337.113779999781400,1138852.723740000044927,0
172,0,2658833.606480000074953,1138597.117899999953806,0
173,0,2658517.878880000207573,1137585.713489999994636,0
174,0,2657316.823030000086874,1139656.558100000023842,0
175,0,2661493.900859999936074,1139708.887349999975413,0
176,0,2661492.134080000221729,1140510.440179999917746,0
177,0,2657673.349679999984801,1137806.981429999927059,0
178,0,2657132.199899999890476,1137499.828530000057071,0
179,0,2659157.503459999803454,1139342.013899999903515,0
180,0,2661592.266420000232756,1141131.801310000009835,0
181,0,2657775.796699999831617,1137471.990400000009686,0
182,0,2656938.373709999956191,1139579.112050000112504,0
183,0,2657801.896949999965727,1139452.391629999969155,0
184,0,2661867.053799999877810,1140688.617360000032932,0
185,0,2659320.517510000150651,1139215.362639999948442,0
186,0,2657587.471189999952912,1138397.117379999952391,0
187,0,2658696.656109999865294,1138714.665190000087023,0
188,0,2657023.538449999876320,1137779.994279999984428,0
189,0,2659118.486320000141859,1139869.392460000002757,0
190,0,2662117.167979999911040,1141178.481069999979809,0
191,0,2659311.452049999963492,1139500.856050000060350,0
192,0,2660471.917690000031143,1139505.239039999898523,0
193,0,2657459.802850000094622,1137981.357970000011846,0
194,0,2658131.322999999858439,1138152.541990000056103,0
195,0,2658490.439780000131577,1138477.922040000092238,0
196,0,2656695.773779999930412,1140080.110460000112653,0
197,0,2662221.409049999900162,1141310.617229999974370,0
198,0,2658684.639469999819994,1138532.229310000082478,0
199,0,2661757.769429999869317,1141242.841950000030920,0
200,0,2658510.794009999837726,1137679.529039999935776,0
201,0,2656826.075650000013411,1139548.288140000076964,0
202,0,2660540.195869999937713,1139847.892130000051111,0
203,0,2659717.661340000107884,1139759.688970000017434,0
204,0,2657696.400289999786764,1139201.169549999991432,0
205,0,2659642.154949999880046,1139034.286039999919012,0
206,0,2660033.584079999942333,1138512.132280000019819,0
207,0,2658514.805060000158846,1138011.937559999991208,0
208,0,2657740.445799999870360,1137725.578639999963343,0
209,0,2660270.757799999788404,1139592.942590000107884,0
210,0,2657094.310829999856651,1139365.144229999976233,0
211,0,2659363.748350000008941,1138905.646620000014082,0
212,0,2658819.801889999769628,1138765.601239999989048,0
213,0,2659450.557959999889135,1138168.124970000004396,0
214,0,2662529.265029999893159,1141168.508489999920130,0
215,0,2660514.206710000056773,1140426.340210000053048,0
216,0,2658161.530429999809712,1139297.059240000089630,0
217,0,2658829.584220000077039,1139156.761299999896437,0
218,0,2660170.627669999841601,1139455.543190000113100,0
219,0,2657518.315950000192970,1139087.589820000110194,0
220,0,2660020.733640000224113,1139704.672650000080466,0
221,0,2660969.750260000117123,1139148.592290000058711,0
222,0,2658338.626999999862164,1138678.340570000000298,0
223,0,2657198.244680000003427,1139123.246909999987110,0
224,0,2660659.089370000176132,1140531.090330000035465,0
225,0,2659051.091029999777675,1139338.278299999888986,0
226,0,2659515.125399999786168,1139287.205189999891445,0
227,0,2657175.389849999919534,1138194.190420000115409,0
228,0,2660267.157939999829978,1138711.251549999928102,0
229,0,2660985.110390000045300,1139239.005529999965802,0
230,0,2658812.240009999834001,1137978.966569999931380,0
231,0,2660410.369349999818951,1139089.348909999942407,0
232,0,2661704.163300000131130,1140435.654090000083670,0
233,0,2658185.995579999871552,1137991.897309999912977,0
234,0,2657146.352260000072420,1138991.660350000020117,0
235,0,2659315.478949999902397,1139660.826919999904931,0
236,0,2658359.855829999782145,1138635.681679999921471,0
237,0,2657873.095079999882728,1138669.111869999906048,0
238,0,2657793.267039999831468,1138838.838019999908283,0
239,0,2660417.983159999828786,1138784.712770000100136,0
240,0,2656569.802500000223517,1139703.401989999925718,0
241,0,2662270.723240000195801,1141257.579149999888614,0
242,0,2661971.463260000105947,1140747.137030000099912,0
243,0,2656887.086149999871850,1139629.045189999975264,0
244,0,2658674.186619999818504,1138792.446960000088438,0
245,0,2662242.779060000088066,1141315.570730000035837,0
246,0,2661589.810949999839067,1139957.264440000057220,0
247,0,2658897.774530000053346,1139625.879630000097677,0
248,0,2661470.303119999822229,1139952.592149999924004,0
249,0,2658378.462669999804348,1139042.393290000036359,0
250,0,2657134.712809999939054,1139373.811960000079125,0
251,0,2658199.823929999954998,1137476.126919999951497,0
252,0,2658116.768740000203252,1139035.480780000099912,0
253,0,2658691.969459999818355,1138696.652549999998882,0
254,0,2659882.292690000031143,1138488.960789999924600,0
255,0,2657394.842230000067502,1138820.323480000020936,0
256,0,2658051.423349999822676,1137797.550590000115335,0
257,0,2661891.156070000026375,1140641.813460000092164,0
258,0,2661719.592689999844879,1140778.175569999963045,0
259,0,2659647.768550000153482,1138531.002150000073016,0
260,0,2661835.828410000074655,1139782.274660000111908,0
261,0,2660186.074260000139475,1140255.050259999930859,0
262,0,2658169.561540000140667,1138432.435820000013337,0
263,0,2661929.206410000100732,1139966.299589999951422,0
264,0,2656574.287550000008196,1139965.176690000109375,0
265,0,2660868.190719999838620,1139207.979109999956563,0
266,0,2660698.262180000077933,1139522.997380000073463,0
267,0,2662373.273229999933392,1141254.608400000026450,0
268,0,2660098.886469999793917,1139067.383429999928921,0
269,0,2661392.434030000120401,1140221.041479999898002,0
270,0,2658357.840749999973923,1137717.065070000011474,0
271,0,2659365.309909999836236,1139841.598260000115260,0
272,0,2658239.075410000048578,1137929.239479999989271,0
273,0,2657735.773269999772310,1138993.138899999903515,0
274,0,2657193.883839999791235,1139103.791459999978542,0
275,0,2659403.068609999958426,1138937.415060000028461,0
276,0,2659450.746329999994487,1138481.909049999900162,0
277,0,2658658.661489999853075,1138663.959349999902770,0
278,0,2662296.826979999896139,1141087.160470000002533,0
279,0,2660503.888400000054389,1139759.176290000090376,0
280,0,2661481.559880000073463,1140697.017870000097901,0
281,0,2661560.222930000163615,1140887.998330000089481,0
282,0,2661057.604050000198185,1140670.035679999971762,0
283,0,2660029.457950000185519,1139004.814610000001267,0
284,0,2658288.813289999961853,1139700.658439999911934,0
285,0,2657522.797660000156611,1137443.084980000043288,0
286,0,2659615.055889999959618,1139117.929280000040308,0
287,0,2657779.330970000009984,1137383.158499999903142,0
288,0,2657117.351189999841154,1137469.602350000059232,0
289,0,2661374.535649999976158,1139246.936010000063106,0
290,0,2657280.982210000045598,1139483.310880000004545,0
291,0,2659933.716880000196397,1138967.350289999973029,0
292,0,2662582.896199999842793,1141610.132519999984652,0
293,0,2660570.720819999929518,1139616.573899999959394,0
294,0,2660401.206079999916255,1139927.610229999991134,0
295,0,2658853.610009999945760,1139803.358729999978095,0
296,0,2657883.859879999887198,1138586.976740000071004,0
297,0,2659496.394869999960065,1138510.818250000011176,0
298,0,2657613.542929999995977,1138868.582819999894127,0
299,0,2657407.438060000073165,1138310.955079999985173,0
300,0,2660982.138919999822974,1140624.840150000061840,0
301,0,2657814.909239999949932,1138141.074060000013560,0
302,0,2659088.063490000087768,1139237.349099999992177,0
303,0,2661435.427800000179559,1140531.772330000065267,0
304,0,2657632.524040000047535,1138549.866380000021309,0
305,0,2659762.899670000188053,1138716.064079999923706,0
306,0,2659031.284140000119805,1138846.382239999948069,0
307,0,2659457.033950000070035,1139556.631629999959841,0
308,0,2658516.525369999930263,1139668.373170000035316,0
309,0,2662578.704189999960363,1140932.929590000072494,0
310,0,2660465.920979999937117,1139181.573210000060499,0
311,0,2658895.976580000016838,1137737.319159999955446,0
312,0,2660179.232220000121742,1139018.992649999912828,0
313,0,2659187.558050000108778,1138830.814280000049621,0
314,0,2658452.006399999838322,1137912.632429999997839,0
315,0,2656459.827349999919534,1140069.961889999918640,0
316,0,2662471.816300000064075,1141559.698600000003353,0
317,0,2657153.519700000062585,1138361.958360000047833,0
318,0,2657690.962079999968410,1138271.316439999965951,0
319,0,2659475.899019999895245,1139099.976969999959692,0
320,0,2660971.509060000069439,1139750.469280000077561,0
321,0,2660099.499909999780357,1139437.408909999998286,0
322,0,2657264.453999999910593,1139565.731149999890476,0
323,0,2661598.700499999802560,1139957.035760000115260,0
324,0,2659936.637130000162870,1139797.205109999980778,0
325,0,2660995.334290000144392,1140727.518940000096336,0
326,0,2659469.288310000207275,1138873.746229999931529,0
327,0,2660338.996100000105798,1138997.993960000108927,0
328,0,2658374.029200000222772,1138096.885639999993145,0
329,0,2656677.456869999878109,1139255.799360000062734,0
330,0,2656755.962499999906868,1139046.122690000105649,0
331,0,2657082.914410000201315,1139534.590959999943152,0
332,0,2658528.984259999822825,1139406.854409999912605,0
333,0,2659519.333279999904335,1138156.460930000059307,0
334,0,2657651.604309999849647,1137472.995540000032634,0
335,0,2660583.844020000193268,1139877.628259999910370,0
336,0,2658694.761229999829084,1138212.996150000020862,0
337,0,2658390.407180000096560,1137704.544299999950454,0
338,0,2658407.969849999994040,1139481.467260000063106,0
339,0,2657385.698059999849647,1139262.885190000059083,0
340,0,2659917.919249999802560,1140097.675820000004023,0
341,0,2656802.688300000037998,1139942.728469999972731,0
342,0,2658720.948439999949187,1138762.483530000085011,0
343,0,2659951.735749999992549,1139245.174750000005588,0
344,0,2661761.471580000128597,1141153.701700000092387,0
345,0,2656602.200530000030994,1139886.198550000088289,0
346,0,2660006.734999999869615,1140261.503370000049472,0
347,0,2657399.268360000103712,1137903.309750000014901,0
348,0,2661620.115809999871999,1140822.919629999902099,0
349,0,2658096.021610000170767,1138270.439010000089183,0
350,0,2659167.074849999975413,1138978.808889999985695,0
351,0,2658151.216490000020713,1139659.919269999954849,0
352,0,2660052.935930000152439,1138745.395359999965876,0
353,0,2661113.569139999803156,1139782.098359999945387,0
354,0,2660218.559669999871403,1139561.906449999893084,0
355,0,2658616.828970000147820,1139335.334849999984726,0
356,0,2658595.365040000062436,1139236.077049999963492,0
357,0,2659085.040289999917150,1139425.315209999913350,0
358,0,2660895.300739999860525,1140681.685860000085086,0
359,0,2656732.622640000190586,1139963.927129999967292,0
360,0,2658511.563829999882728,1138654.232030000071973,0
361,0,2658417.402770000044256,1139391.677469999995083,0
362,0,2657634.270120000001043,1137384.375000000000000,0
363,0,2658913.248089999891818,1139397.864180000033230,0
364,0,2660516.804570000153035,1139516.837390000000596,0
365,0,2657540.881610000040382,1138875.215769999893382,0
366,0,2659158.700590000022203,1138249.657249999931082,0
367,0,2661667.822939999867231,1139933.000500000081956,0
368,0,2658928.914659999776632,1139868.203669999958947,0
369,0,2662358.707200000062585,1141428.445009999908507,0
370,0,2661933.255700000096112,1139855.715039999922737,0
371,0,2659237.521879999898374,1139555.778930000029504,0
372,0,2659043.135079999919981,1139160.802309999940917,0
373,0,2661430.934489999897778,1140366.635460000019521,0
374,0,2657417.198650000151247,1138880.719070000108331,0
375,0,2658144.081139999907464,1138553.740719999885187,0
376,0,2662000.574870000127703,1140956.450190000003204,0
377,0,2656638.769900000188500,1139804.228750000009313,0
378,0,2659562.850680000148714,1139745.845359999919310,0
379,0,2660323.003020000178367,1139541.853790000081062,0
380,0,2658761.862519999966025,1139201.352200000081211,0
381,0,2659020.720060000196099,1139800.808350000064820,0
382,0,2660926.745159999933094,1139228.615169999888167,0
383,0,2661726.187359999865294,1140539.818359999917448,0
384,0,2658101.750510000158101,1138634.796550000086427,0
385,0,2657861.636990000028163,1139397.213689999887720,0
386,0,2661955.010139999911189,1140911.094689999939874,0
387,0,2660190.005989999976009,1140136.111730000004172,0
388,0,2661200.412169999908656,1139199.834449999965727,0
389,0,2660311.970540000125766,1139886.709389999974519,0
390,0,2658600.065849999897182,1137799.955730000045151,0
391,0,2661731.480440000072122,1140725.209120000014082,0
392,0,2657580.508930000010878,1139277.226400000043213,0
393,0,2659274.293029999826103,1139888.534290000097826,0
394,0,2658098.914460000116378,1138690.983419999945909,0
395,0,2656936.976950000040233,1139181.252679999917746,0
396,0,2661973.415140000171959,1141340.980320000089705,0
397,0,2661783.582520000170916,1141353.983190000057220,0
398,0,2658081.845840000081807,1138254.646419999888167,0
399,0,2657056.955800000112504,1137773.015180000104010,0
400,0,2657796.253630000166595,1139477.565149999922141,0
401,0,2660865.936720000114292,1139371.856270000105724,0
402,0,2660677.221380000002682,1139129.326150000095367,0
403,0,2659535.353209999855608,1138773.037199999904260,0
404,0,2660100.284119999967515,1139783.811870000092313,0
405,0,2660857.401620000135154,1138736.633290000027046,0
406,0,2659339.011039999779314,1139990.663329999893904,0
407,0,2661571.808339999988675,1140944.569330000085756,0
408,0,2660510.075879999902099,1139911.902380000101402,0
409,0,2657791.378440000116825,1139180.970459999982268,0
410,0,2657042.388259999919683,1138733.124430000083521,0
411,0,2660206.239440000150353,1139012.045480000087991,0
412,0,2658499.731500000227243,1139130.633510000072420,0
413,0,2658280.914150000084192,1138291.981080000055954,0
414,0,2659660.966899999883026,1139342.235129999928176,0
415,0,2657404.404560000170022,1138134.226800000062212,0
416,0,2660784.865830000024289,1139455.804900000104681,0
417,0,2659216.037200000137091,1139678.362759999930859,0
418,0,2656744.898819999769330,1139681.246389999985695,0
419,0,2659187.014059999957681,1139079.677730000112206,0
420,0,2659391.024399999994785,1138981.310490000061691,0
421,0,2657351.166559999808669,1139567.495219999924302,0
422,0,2657230.039439999964088,1139573.165389999980107,0
423,0,2657922.269059999845922,1139430.981739999959245,0
424,0,2662683.757459999993443,1141033.545829999959096,0
425,0,2658870.737889999989420,1139065.297699999995530,0
426,0,2661260.282370000146329,1140356.587270000018179,0
427,0,2659182.392659999895841,1139988.014539999887347,0
428,0,2659715.831089999992400,1138840.456779999891296,0
429,0,2660126.487180000171065,1139620.897189999930561,0
430,0,2662172.921930000185966,1141092.928850000025705,0
431,0,2661911.996799999848008,1140114.997599999886006,0
432,0,2661006.643850000109524,1140545.528329999884591,0
433,0,2661185.240749999880791,1139638.673480000114068,0
434,0,2657410.104609999805689,1139054.596170000033453,0
435,0,2661004.329080000054091,1139204.915030000032857,0
436,0,2657374.532730000093579,1138902.648749999934807,0
437,0,2656516.877429999876767,1139765.610570000018924,0
438,0,2658330.751579999923706,1138790.165280000073835,0
439,0,2658368.448830000124872,1139450.542709999950603,0
440,0,2658460.515319999773055,1139789.872609999962151,0
441,0,2660633.290380000136793,1139928.338729999959469,0
442,0,2658543.985770000144839,1138551.328720000106841,0
443,0,2658528.046699999831617,1139855.356399999931455,0
444,0,2656793.554469999857247,1139203.189490000018850,0
445,0,2660164.025450000073761,1138750.603690000018105,0
446,0,2662431.664179999846965,1141147.596399999922141,0
447,0,2662442.490189999807626,1141347.204339999938384,0
448,0,2661698.943030000198632,1140296.236389999976382,0
449,0,2658676.007739999797195,1138889.952259999932721,0
450,0,2657872.037860000040382,1138966.163549999939278,0
451,0,2660021.519570000004023,1140006.325130000011995,0
452,0,2658944.002100000157952,1138667.398199999937788,0
453,0,2657126.183739999774843,1137573.569039999973029,0
454,0,2662246.360040000174195,1141288.367439999943599,0
455,0,2657351.462239999789745,1139015.513409999897704,0
456,0,2658639.673349999822676,1138735.241699999896809,0
457,0,2658317.493090000003576,1138905.195019999984652,0
458,0,2659474.073820000048727,1138568.367540000006557,0
459,0,2658519.968080000020564,1137688.793950000079349,0
460,0,2658356.085229999851435,1139576.965580000076443,0
461,0,2656710.188109999988228,1140079.649010000051931,0
462,0,2658698.002020000014454,1139527.987260000081733,0
463,0,2658722.764309999998659,1139522.380790000082925,0
464,0,2658909.233700000215322,1137966.723969999933615,0
465,0,2660688.157300000078976,1139277.645100000081584,0
466,0,2657210.745209999848157,1138179.259400000097230,0
467,0,2659130.836180000100285,1139988.502279999898747,0
468,0,2659427.080740000121295,1139393.421869999961928,0
469,0,2658883.940870000049472,1139326.537370000034571,0
470,0,2660257.272319999989122,1139484.999760000035167,0
471,0,2657524.144909999798983,1138685.259370000101626,0
472,0,2660463.083449999801815,1140327.951529999962077,0
473,0,2661697.831209999974817,1141238.635340000037104,0
474,0,2661439.274910000152886,1139055.315799999982119,0
475,0,2657204.968239999841899,1139151.673029999947175,0
476,0,2657158.188540000002831,1139702.439019999932498,0
477,0,2658991.260199999902397,1138926.013120000017807,0
478,0,2659163.960320000071079,1139593.301040000049397,0
479,0,2657024.716210000216961,1137989.595969999907538,0
480,0,2658814.757960000075400,1137628.959819999989122,0
481,0,2657967.539340000133961,1137456.226680000079796,0
482,0,2659473.608250000048429,1139138.058110000099987,0
483,0,2658816.893219999969006,1137754.646560000022873,0
484,0,2656739.402360000181943,1139190.873690000036731,0
485,0,2659973.384740000125021,1140035.364349999930710,0
486,0,2659138.078699999954551,1138973.798440000042319,0
487,0,2660150.074469999875873,1139814.323219999903813,0
488,0,2657538.827630000188947,1138943.705219999887049,0
489,0,2657269.151579999830574,1139369.983179999981076,0
490,0,2658597.692340000066906,1139492.989169999957085,0
491,0,2661925.552649999968708,1140858.817090000025928,0
492,0,2657168.515509999822825,1137346.895470000104979,0
493,0,2661697.007799999788404,1140791.762719999998808,0
494,0,2658910.910269999876618,1137802.883140000049025,0
495,0,2660024.444759999867529,1138654.581490000011399,0
496,0,2658642.894049999769777,1137775.213310000021011,0
497,0,2661458.145380000118166,1139326.976740000071004,0
498,0,2660725.938370000105351,1139539.344000000040978,0
499,0,2657812.555240000132471,1139358.129750000080094,0
500,0,2660777.700300000142306,1138649.876110000070184,0
501,0,2658242.790570000186563,1138652.643759999889880,0
502,0,2659001.232160000130534,1138149.308639999944717,0
503,0,2657953.957770000211895,1139058.252420000033453,0
504,0,2662562.767580000218004,1141152.239079999970272,0
505,0,2658096.795340000186116,1137936.652190000051633,0
506,0,2657431.491539999842644,1139293.204260000027716,0
507,0,2658502.252210000064224,1138738.469000000040978,0
508,0,2659000.946490000002086,1139924.058720000088215,0
509,0,2659891.286710000131279,1138600.244909999892116,0
510,0,2659445.250339999794960,1138597.378659999929368,0
511,0,2658806.544850000180304,1139852.191339999902993,0
512,0,2659619.517669999971986,1138353.962180000031367,0
513,0,2659158.248569999821484,1139935.122579999966547,0
514,0,2661755.848850000184029,1139744.920039999997243,0
515,0,2658985.978209999855608,1137797.925989999901503,0
516,0,2658564.957010000012815,1138473.551650000037625,0
517,0,2658115.493189999833703,1137998.029589999932796,0
518,0,2657534.840909999795258,1139343.355340000009164,0
519,0,2657246.627720000222325,1139338.080409999936819,0
520,0,2657266.575749999843538,1139453.469989999895915,0
521,0,2660340.575780000071973,1140579.735619999933988,0
522,0,2658213.478409999981523,1138910.565480000106618,0
523,0,2658050.258499999996275,1139378.760190000059083,0
524,0,2659021.597269999794662,1138778.150369999930263,0
525,0,2659026.759449999779463,1139727.981129999971017,0
526,0,2658272.231869999784976,1137497.365029999986291,0
527,0,2660611.682659999933094,1139138.604469999903813,0
528,0,2660312.826609999872744,1139743.334160000085831,0
529,0,2660544.283700000029057,1140285.318320000078529,0
530,0,2658303.923309999983758,1139159.591900000115857,0
531,0,2656583.621910000219941,1139839.596790000097826,0
532,0,2660141.438190000131726,1139089.720840000081807,0
533,0,2659923.708730000071228,1138320.291029999963939,0
534,0,2660672.463370000012219,1140399.352750000078231,0
535,0,2660397.134240000043064,1140190.536439999938011,0
536,0,2657455.197310000192374,1139253.681570000015199,0
537,0,2660337.178640000056475,1139953.010689999908209,0
538,0,2661110.536619999911636,1139868.845620000036433,0
539,0,2658123.044600000139326,1138476.480119999963790,0
540,0,2661726.090009999927133,1140678.573379999957979,0
541,0,2658089.245219999924302,1138673.759009999921545,0
542,0,2657305.759200000204146,1137234.459250000072643,0
543,0,2659343.260319999884814,1139100.398529999889433,0
544,0,2657733.215429999865592,1139433.345740000018850,0
545,0,2660176.252160000149161,1139553.614910000003874,0
546,0,2662014.407139999791980,1141341.544269999954849,0
547,0,2657119.332979999948293,1139309.104770000092685,0
548,0,2661111.614269999787211,1139517.970860000001267,0
549,0,2658584.087890000082552,1139225.259180000051856,0
550,0,2661263.813260000199080,1140645.003479999955744,0
551,0,2661557.165659999940544,1139892.290469999890774,0
552,0,2657661.254480000119656,1138694.638090000022203,0
553,0,2657368.870959999971092,1139552.229509999975562,0
554,0,2660240.034779999870807,1139499.302429999923334,0
555,0,2657516.833329999819398,1137624.755039999959990,0
556,0,2661521.954859999939799,1140766.899320000084117,0
557,0,2658449.930470000021160,1138940.398359999991953,0
558,0,2657453.625140000134706,1138720.566869999980554,0
559,0,2660987.977520000189543,1139098.810289999935776,0
560,0,2658136.364940000232309,1137471.667120000114664,0
561,0,2658297.276020000223070,1139355.428800000110641,0
562,0,2659923.348960000090301,1139774.266370000084862,0
563,0,2658750.609550000168383,1139103.267329999944195,0
564,0,2656776.387409999966621,1139826.264889999991283,0
565,0,2660363.102179999928921,1139852.253090000012890,0
566,0,2660088.381000000052154,1139127.697609999915585,0
567,0,2656882.697420000098646,1137938.446220000041649,0
568,0,2658002.892339999787509,1139103.285189999965951,0
569,0,2658952.929399999789894,1138631.254750000080094,0
570,0,2659830.680989999789745,1139106.065769999986514,0
571,0,2658450.813709999900311,1137671.265450000064448,0
572,0,2657183.485960000194609,1138028.353270000079647,0
573,0,2660518.351809999905527,1139361.120480000041425,0
574,0,2661129.649360000155866,1140382.575320000061765,0
575,0,2659007.366349999792874,1139875.437050000065938,0
576,0,2658217.147809999994934,1139536.610980000114068,0
577,0,2658780.271980000194162,1137782.118659999920055,0
578,0,2659214.173239999916404,1138001.453190000029281,0
579,0,2662569.863040000200272,1141410.148430000059307,0
580,0,2656749.558989999815822,1139766.591699999989942,0
581,0,2658319.121780000161380,1139005.300019999966025,0
582,0,2660419.888040000107139,1139818.028080000076443,0
583,0,2656921.691089999862015,1139733.939019999932498,0
584,0,2660271.239639999810606,1140111.413620000006631,0
585,0,2658804.908669999800622,1139537.604389999993145,0
586,0,2662738.379180000163615,1141346.749259999953210,0
587,0,2660809.679920000024140,1139309.822330000111833,0
588,0,2660692.024000000208616,1139478.342739999992773,0
589,0,2657908.233920000027865,1139281.739000000059605,0
590,0,2659961.705219999887049,1138873.056030000094324,0
591,0,2659207.553330000024289,1139006.156399999978021,0
592,0,2660720.785389999859035,1138865.312080000061542,0
593,0,2662104.849349999800324,1141255.042489999905229,0
594,0,2659807.586899999994785,1139557.041119999950752,0
595,0,2660690.620680000167340,1139684.836640000110492,0
596,0,2659974.665800000075251,1138973.120360000059009,0
597,0,2661105.700629999861121,1139980.213849999941885,0
598,0,2659968.314019999932498,1138902.493040000088513,0
599,0,2658387.148680000100285,1139690.834100000094622,0
600,0,2660040.279200000222772,1139831.080800000112504,0
601,0,2657541.771929999813437,1139178.168649999890476,0
602,0,2658412.391909999772906,1138540.073450000025332,0
603,0,2657606.391640000045300,1138949.836450000060722,0
604,0,2658338.760040000081062,1139258.168989999918267,0
605,0,2657934.791780000086874,1138326.030010000104085,0
606,0,2657729.695710000116378,1138890.584359999978915,0
607,0,2658225.107350000180304,1137635.645659999921918,0
608,0,2658316.482460000086576,1139556.773419999983162,0
609,0,2660868.333480000030249,1139314.876649999991059,0
610,0,2659889.593840000219643,1138458.358620000071824,0
611,0,2659087.524970000144094,1139852.186930000083521,0
612,0,2657967.393300000112504,1137479.038459999952465,0
613,0,2660662.993110000155866,1139716.610559999942780,0
614,0,2662401.231699999887496,1141576.599570000078529,0
615,0,2658997.742599999997765,1139309.835639999946579,0
616,0,2661261.138780000153929,1139065.908749999944121,0
617,0,2657882.142450000159442,1139059.807530000107363,0
618,0,2660145.623610000126064,1138977.951510000042617,0
619,0,2660090.614320000167936,1138788.085549999959767,0
620,0,2657978.937390000093728,1139510.387020000023767,0
621,0,2661287.612790000159293,1140615.544669999973848,0
622,0,2660577.664520000107586,1139967.163549999939278,0
623,0,2657794.859050000086427,1137405.489479999989271,0
624,0,2657781.428559999912977,1139426.851670000003651,0
625,0,2661120.576869999989867,1140116.627249999903142,0
626,0,2659525.134649999905378,1138393.870919999899343,0
627,0,2657876.976850000210106,1137465.539110000012442,0
628,0,2657624.886340000201017,1139329.052709999959916,0
629,0,2658823.865720000118017,1137981.546980000101030,0
630,0,2660125.554709999822080,1138835.372410000069067,0
631,0,2657846.506719999946654,1138979.032580000115559,0
632,0,2658618.450050000101328,1139692.203939999919385,0
633,0,2659126.429150000214577,1138136.058900000061840,0
634,0,2660054.664950000122190,1139349.430489999940619,0
635,0,2656870.661460000090301,1139896.974420000100508,0
636,0,2659183.872070000041276,1139536.660880000097677,0
637,0,2658836.799660000018775,1138800.902079999912530,0
638,0,2658052.225420000031590,1139107.043250000104308,0
639,0,2657358.848199999891222,1138096.928779999958351,0
640,0,2658408.511669999919832,1139782.276739999884740,0
641,0,2660746.184200000017881,1138799.640609999885783,0
642,0,2657787.077980000060052,1138320.380290000000969,0
643,0,2658811.835479999892414,1139818.466759999981150,0
644,0,2661917.303390000015497,1140002.670050000073388,0
645,0,2658866.263650000095367,1138518.789319999981672,0
646,0,2657517.998029999900609,1138584.795769999967888,0
647,0,2660275.487889999989420,1138605.994630000088364,0
648,0,2659009.864500000141561,1138429.338650000048801,0
649,0,2660940.428270000033081,1140346.211610000114888,0
650,0,2658305.185409999918193,1139477.683070000028238,0
651,0,2657128.037039999850094,1138142.863200000021607,0
652,0,2662742.211389999836683,1141409.341969999950379,0
653,0,2657964.992769999895245,1137465.233860000036657,0
654,0,2660461.422730000223964,1138710.324449999956414,0
655,0,2658089.576020000036806,1138890.991390000097454,0
656,0,2658635.341330000199378,1137827.072759999893606,0
657,0,2658477.939999999944121,1138134.151730000041425,0
658,0,2661438.452219999860972,1140919.261879999889061,0
659,0,2657729.169480000156909,1138947.032009999966249,0
660,0,2660863.133450000081211,1139656.823850000044331,0
661,0,2658464.813209999818355,1137499.490659999893978,0
662,0,2657844.784959999844432,1139125.020299999974668,0
663,0,2658404.933199999853969,1139605.070469999918714,0
664,0,2657859.595269999932498,1138691.000250000040978,0
665,0,2658410.383479999843985,1139089.094959999900311,0
666,0,2656684.200069999787956,1140037.322209999896586,0
667,0,2659226.074889999814332,1138171.658850000007078,0
668,0,2661471.553789999801666,1140709.767860000021756,0
669,0,2657449.726650000084192,1138921.807199999922886,0
670,0,2660795.277619999833405,1139894.663269999902695,0
671,0,2658489.224669999908656,1139503.614920000080019,0
672,0,2657945.902089999988675,1137680.182819999987260,0
673,0,2658267.375669999979436,1138679.929299999959767,0
674,0,2659061.307620000094175,1138839.870120000094175,0
675,0,2657949.792799999937415,1138278.336210000095889,0
676,0,2659498.117420000024140,1138229.670470000011846,0
677,0,2659337.342050000093877,1139890.149979999987409,0
678,0,2660222.985230000223964,1139985.308339999988675,0
679,0,2660019.084269999992102,1140190.414009999949485,0
680,0,2657729.890769999939948,1137773.472420000005513,0
681,0,2657082.215199999976903,1139586.057659999933094,0
682,0,2658579.671750000212342,1139658.057030000025406,0
683,0,2661544.534940000157803,1140837.762949999887496,0
684,0,2658452.309580000117421,1139470.116540000075474,0
685,0,2660454.572459999937564,1138954.103739999933168,0
686,0,2661548.431330000050366,1140787.095569999888539,0
687,0,2660991.836519999895245,1139709.481919999932870,0
688,0,2660289.768459999933839,1138680.721949999919161,0
689,0,2657783.592780000064522,1139368.337469999911264,0
690,0,2657197.482179999817163,1138158.291350000072271,0
691,0,2657814.528440000023693,1137895.810439999913797,0
692,0,2661143.841589999850839,1140614.036039999919012,0
693,0,2657742.213889999780804,1138842.531279999995604,0
694,0,2660067.057719999924302,1138837.140880000079051,0
695,0,2661558.529889999888837,1140875.150669999886304,0
696,0,2656779.363129999954253,1139237.002829999895766,0
697,0,2659353.699430000036955,1138589.326510000042617,0
698,0,2657778.875719999894500,1139047.494279999984428,0
699,0,2658873.992260000202805,1137882.886450000107288,0
700,0,2658369.092279999982566,1138839.865359999937937,0
701,0,2661501.964829999953508,1140363.360640000086278,0
702,0,2660032.071649999823421,1138510.387660000007600,0
703,0,2658800.610749999992549,1138869.205769999884069,0
704,0,2661193.506149999797344,1139442.431689999997616,0
705,0,2659320.571030000224710,1138314.798909999895841,0
706,0,2656719.776500000152737,1139790.792170000029728,0
707,0,2658710.356670000124723,1138487.175349999917671,0
708,0,2658225.025419999845326,1137728.952250000089407,0
709,0,2660425.361109999939799,1140059.047199999913573,0
710,0,2656600.843259999994189,1139931.238210000097752,0
711,0,2660475.137540000025183,1138926.265480000060052,0
712,0,2660805.959379999898374,1139903.251149999909103,0
713,0,2657681.270210000220686,1138311.624310000101104,0
714,0,2660487.353370000142604,1139034.429620000068098,0
715,0,2662558.775030000135303,1141715.875059999991208,0
716,0,2659508.075170000083745,1139282.979190000100061,0
717,0,2660169.716709999833256,1138817.722809999948367,0
718,0,2658956.599030000157654,1139829.564770000055432,0
719,0,2660106.758200000040233,1140187.478839999996126,0
720,0,2658272.425420000217855,1137807.430230000056326,0
721,0,2657978.995029999874532,1139352.481739999959245,0
722,0,2657600.175629999954253,1138709.182819999987260,0
723,0,2661646.521329999901354,1139910.964510000078008,0
724,0,2657795.184129999950528,1139225.822249999968335,0
725,0,2659054.143649999983609,1139953.958319999976084,0
726,0,2662372.154740000143647,1141092.569499999983236,0
727,0,2658670.448309999890625,1139314.109759999904782,0
728,0,2657984.997880000155419,1137640.223160000052303,0
729,0,2659096.908199999947101,1138629.893559999996796,0
730,0,2662633.942489999812096,1141526.786779999965802,0
731,0,2657403.301880000159144,1138310.154009999940172,0
732,0,2661858.450360000133514,1140898.116829999955371,0
733,0,2658346.641290000174195,1138985.813349999953061,0
734,0,2659913.862829999998212,1139661.345590000040829,0
735,0,2660197.439329999964684,1138775.976070000091568,0
736,0,2659295.257459999993443,1138616.327589999884367,0
737,0,2662279.212859999854118,1141503.176059999968857,0
738,0,2658484.279819999821484,1139661.179509999928996,0
739,0,2658806.789439999964088,1139830.681790000060573,0
740,0,2658852.227649999782443,1138444.931869999971241,0
741,0,2662550.324459999799728,1141070.289739999920130,0
742,0,2661675.877199999988079,1139888.504080000100657,0
743,0,2658293.304370000027120,1138063.866099999984726,0
744,0,2661650.896060000173748,1139870.502820000052452,0
745,0,2656774.873440000228584,1139564.984729999909177,0
746,0,2658912.651109999977052,1139883.396329999901354,0
747,0,2659650.475750000216067,1139860.359510000096634,0
748,0,2658468.178789999801666,1137912.440690000075847,0
749,0,2658939.978310000151396,1138017.202270000008866,0
750,0,2658732.069379999767989,1138071.503650000086054,0
751,0,2660904.933910000137985,1139140.993740000063553,0
752,0,2661549.563540000002831,1140033.499240000033751,0
753,0,2657957.823040000163019,1137898.667020000051707,0
754,0,2658178.602119999937713,1137516.933560000034049,0
755,0,2658953.611299999989569,1139687.583289999980479,0
756,0,2659699.497140000108629,1140011.661439999938011,0
757,0,2661445.736320000141859,1139824.046430000104010,0
758,0,2657758.665630000177771,1139341.604509999975562,0
759,0,2658255.574940000195056,1137694.089619999984279,0
760,0,2657304.204009999986738,1139435.629470000043511,0
761,0,2660415.866119999904186,1140301.774519999977201,0
762,0,2659742.169240000192076,1138628.111349999904633,0
763,0,2662043.650820000097156,1140928.538709999993443,0
764,0,2659608.595300000160933,1139216.643870000028983,0
765,0,2656490.219949999824166,1139981.811770000029355,0
766,0,2658066.517349999863654,1139218.713930000085384,0
767,0,2658867.800989999901503,1138155.843050000024959,0
768,0,2659372.105200000107288,1138904.604589999886230,0
769,0,2658612.688149999827147,1138967.687279999954626,0
770,0,2658619.563970000017434,1138940.163970000110567,0
771,0,2661264.311559999827296,1140037.135410000104457,0
772,0,2662340.126509999856353,1141446.046859999885783,0
773,0,2658590.863460000138730,1138489.586899999994785,0
774,0,2658973.717190000228584,1138749.491119999904186,0
775,0,2658500.441560000181198,1137503.505099999951199,0
776,0,2660259.284899999853224,1139627.382260000100359,0
777,0,2661964.250769999809563,1140247.261690000072122,0
778,0,2658676.089509999845177,1139803.510920000029728,0
779,0,2659707.272820000071079,1139989.997770000016317,0
780,0,2661133.477309999987483,1139474.590180000057444,0
781,0,2659190.939869999885559,1139213.528690000064671,0
782,0,2661032.375450000166893,1139169.084400000050664,0
783,0,2661161.908890000078827,1139009.559700000099838,0
784,0,2660370.316759999841452,1140234.931009999942034,0
785,0,2658449.690729999914765,1138065.409870000090450,0
786,0,2660834.402960000094026,1140594.609309999970719,0
787,0,2657514.194000000134110,1138710.167450000066310,0
788,0,2657199.857960000168532,1138268.745919999899343,0
789,0,2660962.080279999878258,1139229.443250000011176,0
790,0,2660452.599500000011176,1140379.587000000057742,0
791,0,2661608.406469999812543,1140364.206990000093356,0
792,0,2658523.076530000194907,1137585.187699999893084,0
793,0,2658959.060430000070482,1138169.917840000009164,0
794,0,2660865.110340000130236,1138715.701150000095367,0
795,0,2657570.545870000030845,1138935.314950000029057,0
796,0,2659700.131219999864697,1139890.928599999984726,0
797,0,2660764.231209999881685,1139126.258529999991879,0
798,0,2658288.314139999914914,1137960.896089999936521,0
799,0,2658243.580169999971986,1139006.593660000013188,0
800,0,2657842.475930000189692,1138990.811860000016168,0
801,0,2660903.830570000223815,1139958.206639999989420,0
802,0,2659870.869649999774992,1138666.315440000034869,0
803,0,2658742.366679999977350,1138885.684320000000298,0
804,0,2658515.380630000028759,1138319.990260000107810,0
805,0,2659828.888600000180304,1139389.757620000047609,0
806,0,2661723.720160000026226,1140655.625119999982417,0
807,0,2660333.214329999871552,1139400.045450000092387,0
808,0,2659585.512469999957830,1138171.135580000001937,0
809,0,2658097.371179999783635,1138518.201369999907911,0
810,0,2657337.393860000185668,1137375.964780000038445,0
811,0,2659453.548429999966174,1138640.968949999893084,0
812,0,2662488.324089999776334,1141574.068660000106320,0
813,0,2660344.663780000060797,1140142.653910000110045,0
814,0,2659371.281090000178665,1139037.476370000047609,0
815,0,2659863.416339999996126,1139107.924910000059754,0
816,0,2661328.512769999913871,1140752.547060000011697,0
817,0,2657202.618009999860078,1139602.737359999911860,0
818,0,2656978.123649999964982,1137741.391980000073090,0
819,0,2658910.206170000135899,1138881.741900000022724,0
820,0,2657705.445799999870360,1139251.300449999980628,0
821,0,2660571.093710000161082,1140193.926939999917522,0
822,0,2660560.860809999983758,1139953.242289999965578,0
823,0,2659114.932459999807179,1139929.905169999925420,0
824,0,2660868.567809999920428,1138816.249760000035167,0
825,0,2658615.596849999856204,1138788.672999999951571,0
826,0,2662541.016369999852031,1140968.525159999961033,0
827,0,2657913.213820000179112,1137480.238899999996647,0
828,0,2662543.980889999773353,1141046.186930000083521,0
829,0,2658896.887079999782145,1139764.137379999971017,0
830,0,2662740.093789999838918,1141331.628539999946952,0
831,0,2657454.345830000005662,1139379.229039999889210,0
832,0,2661212.920169999822974,1140136.064520000014454,0
833,0,2658629.026449999772012,1138819.710149999940768,0
834,0,2658338.164570000022650,1137400.472670000046492,0
835,0,2657688.388520000036806,1139015.665789999999106,0
836,0,2660995.790159999858588,1140434.901599999982864,0
837,0,2657249.274540000129491,1137825.503040000097826,0
838,0,2660920.455209999810904,1139823.727799999993294,0
839,0,2659574.334069999866188,1138198.772859999909997,0
840,0,2658064.172600000165403,1138581.585579999955371,0
841,0,2659436.629840000066906,1138625.104300000006333,0
842,0,2659242.270810000132769,1138750.643179999897256,0
843,0,2658739.618950000032783,1139060.902070000069216,0
844,0,2661405.557149999774992,1139248.980720000108704,0
845,0,2660539.832899999804795,1140227.544650000054389,0
846,0,2660913.697769999969751,1139858.133810000028461,0
847,0,2660606.890389999840409,1140139.644159999908879,0
848,0,2661655.017769999802113,1139978.471840000012890,0
849,0,2660651.068549999967217,1139324.271939999889582,0
850,0,2659444.193979999981821,1139519.272369999904186,0
851,0,2658782.312069999985397,1139207.891569999977946,0
852,0,2661003.098540000151843,1140612.181439999956638,0
853,0,2661381.604580000042915,1140035.098590000066906,0
854,0,2659983.054010000079870,1138501.420279999962077,0
855,0,2658276.108169999904931,1138690.615840000100434,0
856,0,2660329.352349999826401,1139790.894899999955669,0
857,0,2659075.426169999875128,1138153.044569999910891,0
858,0,2658950.434289999771863,1139237.328079999890178,0
859,0,2657670.926059999968857,1137796.636990000028163,0
860,0,2661797.155619999859482,1141045.720879999920726,0
861,0,2660832.179750000126660,1138879.910679999971762,0
862,0,2661816.740480000153184,1140990.293910000007600,0
863,0,2659465.529029999859631,1138228.867820000043139,0
864,0,2656850.891960000153631,1139875.716770000057295,0
865,0,2658787.481709999963641,1138127.850869999965653,0
866,0,2657081.603099999949336,1139297.319619999965653,0
867,0,2660147.037700000219047,1139805.196569999912754,0
868,0,2656294.816920000128448,1139873.556490000104532,0
869,0,2657443.831790000200272,1139294.634950000094250,0
870,0,2660254.578699999954551,1140307.186220000032336,0
871,0,2658419.147919999901205,1138126.334909999975935,0
872,0,2662128.060680000111461,1141450.424580000108108,0
873,0,2657131.313930000178516,1138329.666320000076666,0
874,0,2658496.120720000006258,1139743.395620000082999,0
875,0,2657832.597080000210553,1138715.195190000114962,0
876,0,2658487.900669999886304,1139794.013259999919683,0
877,0,2658788.207440000027418,1138150.316240000072867,0
878,0,2661275.798709999769926,1139161.184919999912381,0
879,0,2659116.047329999972135,1138130.757449999917299,0
880,0,2661482.753060000017285,1140819.928169999970123,0
881,0,2661043.083519999869168,1140438.105089999968186,0
882,0,2660564.418949999846518,1139087.845350000075996,0
883,0,2657286.880109999794513,1137332.331779999891296,0
884,0,2661513.281630000099540,1140725.095849999925122,0
885,0,2658697.973799999803305,1138400.577060000039637,0
886,0,2659018.962299999780953,1138579.821629999903962,0
887,0,2660120.420969999860972,1139500.568440000060946,0
888,0,2660515.526060000061989,1139731.256289999932051,0
889,0,2660803.072370000183582,1139151.285919999936596,0
890,0,2656698.481339999940246,1139841.535069999983534,0
891,0,2660643.338489999994636,1139744.203410000074655,0
892,0,2659142.258890000171959,1139347.071239999961108,0
893,0,2656890.826290000230074,1137997.216229999903589,0
894,0,2659888.502590000163764,1139335.310160000110045,0
895,0,2661946.535670000128448,1140758.048230000073090,0
896,0,2657426.502069999929518,1139238.650320000015199,0
897,0,2657902.070739999879152,1137774.003749999916181,0
898,0,2659003.628670000005513,1138937.828680000035092,0
899,0,2659469.219949999824166,1139410.287629999918863,0
900,0,2658701.507019999902695,1139288.416419999906793,0
901,0,2659686.575209999922663,1138466.263710000086576,0
902,0,2656617.018240000121295,1139228.519490000093356,0
903,0,2662015.915289999917150,1141409.532640000106767,0
904,0,2658255.808960000053048,1139113.588260000105947,0
905,0,2657788.895310000050813,1139297.642920000012964,0
906,0,2658441.791259999852628,1137416.428569999989122,0
907,0,2659605.206499999854714,1138890.255399999907240,0
908,0,2659154.046229999978095,1139963.578170000109822,0
909,0,2658787.395560000091791,1138098.796450000023469,0
910,0,2660016.015540000051260,1139671.516270000021905,0
911,0,2657323.970499999821186,1139206.956639999989420,0
912,0,2660382.368950000032783,1138739.504320000065491,0
913,0,2657442.138840000145137,1138917.339519999921322,0
914,0,2657790.276180000044405,1137868.867490000091493,0
915,0,2661237.180920000188053,1139659.639429999981076,0
916,0,2660958.810380000155419,1140219.661989999935031,0
917,0,2658076.169329999946058,1139145.235880000051111,0
918,0,2657437.567760000005364,1137441.540740000084043,0
919,0,2657920.359279999975115,1138389.242319999961182,0
920,0,2661279.554779999889433,1140707.091119999997318,0
921,0,2660008.688320000190288,1140004.245259999996051,0
922,0,2656746.953999999910593,1139103.634769999887794,0
923,0,2659652.935360000003129,1138990.052880000090227,0
924,0,2661622.143989999778569,1140854.655710000079125,0
925,0,2659426.470879999920726,1138304.032949999906123,0
926,0,2659917.753270000219345,1138542.493079999927431,0
927,0,2659621.598149999976158,1139263.104340000078082,0
928,0,2660109.081120000220835,1139829.130780000006780,0
929,0,2660092.383479999843985,1139034.487449999898672,0
930,0,2657929.705180000048131,1139060.452599999960512,0
931,0,2658547.783520000055432,1137443.625380000099540,0
932,0,2658321.481850000098348,1139658.778799999970943,0
933,0,2658709.880630000028759,1138626.930560000007972,0
934,0,2659727.295529999770224,1139979.002559999935329,0
935,0,2658830.308910000137985,1138031.135490000015125,0
936,0,2657598.616729999892414,1139000.149840000085533,0
937,0,2657284.947290000040084,1139632.499319999944419,0
938,0,2659350.940669999923557,1139498.757340000011027,0
939,0,2657711.881409999914467,1137381.668439999921247,0
940,0,2659311.959590000100434,1138690.958120000082999,0
941,0,2661409.528039999771863,1139282.183500000042841,0
942,0,2658410.822939999867231,1138421.252309999894351,0
943,0,2660976.094990000128746,1139883.017999999923632,0
944,0,2658612.737240000162274,1138013.951889999909326,0
945,0,2661555.671500000171363,1140953.225959999952465,0
946,0,2658735.144119999837130,1138449.524900000076741,0
947,0,2659098.290209999773651,1138263.041029999963939,0
948,0,2661261.440460000187159,1139832.679539999924600,0
949,0,2658466.475550000090152,1138306.421330000041053,0
950,0,2660765.082899999804795,1139230.335399999981746,0
951,0,2657161.605130000039935,1139443.938379999948665,0
952,0,2659846.856720000039786,1139427.036030000075698,0
953,0,2659026.911330000031739,1138406.536739999894053,0
954,0,2658679.107150000054389,1137725.769880000036210,0
955,0,2662254.100999999791384,1141412.989160000113770,0
956,0,2657850.730620000045747,1138560.573890000116080,0
957,0,2660384.129809999838471,1139422.459830000065267,0
958,0,2660414.470579999964684,1140211.278590000001714,0
959,0,2659546.033019999973476,1139174.370619999943301,0
960,0,2656894.082260000053793,1139713.084610000019893,0
961,0,2658789.705020000226796,1138537.378179999999702,0
962,0,2659505.016079999972135,1138853.196149999974295,0
963,0,2659131.220249999780208,1139563.123050000052899,0
964,0,2660015.852849999908358,1140246.664630000013858,0
965,0,2657219.295500000007451,1138381.682550000026822,0
966,0,2659393.548409999813884,1139892.743530000094324,0
967,0,2659346.289220000151545,1139148.485159999923781,0
968,0,2656864.177070000208914,1138021.048549999948591,0
969,0,2657937.721359999850392,1139177.653480000095442,0
970,0,2660254.636169999837875,1139452.897240000078455,0
971,0,2660838.541290000081062,1139376.415469999890774,0
972,0,2659990.827740000095218,1139817.584680000087246,0
973,0,2658246.761770000215620,1139530.007530000060797,0
974,0,2660870.349969999864697,1139569.042050000047311,0
975,0,2661644.775960000231862,1141207.665000000037253,0
976,0,2658387.580949999857694,1138494.638650000095367,0
977,0,2658005.624689999967813,1138477.338780000107363,0
978,0,2658223.744400000199676,1137441.989280000096187,0
979,0,2661040.252129999920726,1140189.174189999932423,0
980,0,2659523.881359999999404,1139339.502850000048056,0
981,0,2659071.770430000033230,1138361.532709999941289,0
982,0,2658075.554430000018328,1139209.348549999995157,0
983,0,2657442.539179999846965,1139354.728039999958128,0
984,0,2662558.023440000135452,1141490.154779999982566,0
985,0,2661560.931210000067949,1140133.911719999974594,0
986,0,2657205.648370000068098,1137572.568369999993593,0
987,0,2659550.181309999898076,1138565.921689999988303,0
988,0,2657950.874139999970794,1138563.426579999970272,0
989,0,2656803.061000000219792,1140037.478379999985918,0
990,0,2660685.938810000196099,1139712.240489999996498,0
991,0,2657782.270539999939501,1138121.504040000028908,0
992,0,2656546.984680000226945,1139737.000250000040978,0
993,0,2661195.353310000151396,1139482.656160000013188,0
994,0,2658835.476379999890924,1138002.095519999973476,0
995,0,2662527.686209999956191,1141442.462890000082552,0
996,0,2659267.647890000138432,1138560.132969999918714,0
997,0,2658361.232809999957681,1137877.086720000021160,0
998,0,2660235.012999999802560,1139487.842560000019148,0
999,0,2661063.535399999935180,1138933.846099999966100,0
1000,0,2659538.259860000107437,1139537.387730000074953,0
1001,0,2659022.298460000194609,1138452.425090000033379,0
1002,0,2659570.581389999948442,1139556.316959999967366,0
1003,0,2659408.473420000169426,1139662.891259999945760,0
1004,0,2657809.014390000142157,1138609.818500000052154,0
1005,0,2662526.781030000187457,1141366.606309999944642,0
1006,0,2659550.605479999911040,1138454.836799999931827,0
1007,0,2658664.648759999778122,1138621.549769999925047,0
1008,0,2661084.019510000012815,1140512.492499999934807,0
1009,0,2658472.204930000007153,1138161.904039999935776,0
1010,0,2661071.399329999927431,1140122.236150000011548,0
1011,0,2660559.182469999883324,1139576.454699999885634,0
1012,0,2660206.526279999874532,1138840.558909999905154,0
1013,0,2659466.920229999814183,1139268.482520000077784,0
1014,0,2657397.867599999997765,1138690.621359999990091,0
1015,0,2658424.792979999911040,1137735.058720000088215,0
1016,0,2662052.834890000056475,1141323.488390000071377,0
1017,0,2658883.430079999845475,1138938.323950000107288,0
1018,0,2657930.510950000025332,1139402.511459999950603,0
1019,0,2660829.056630000006407,1140676.918929999927059,0
1020,0,2658154.942739999853075,1139524.990489999996498,0
1021,0,2659719.613969999831170,1139449.524699999950826,0
1022,0,2661643.772119999863207,1140864.169079999905080,0